0,1,19.9884,37.0933,45.08,2.69964
0,2,19.3024,38.4629,45.08,2.68742
0,3,19.1652,38.8039,45.08,2.68742
0,4,19.175,38.8379,45.08,2.69964
0,5,19.1456,38.9401,45.08,2.68742
0,6,19.1652,38.872,45.08,2.68742
0,7,19.1652,38.8039,45.08,2.68742
0,8,19.1456,38.8379,45.08,2.69964
0,9,19.1456,38.872,45.08,2.68742
0,10,19.1456,38.9401,45.08,2.69964
0,11,19.1358,38.9061,45.08,2.68742
0,12,19.1162,38.8039,45.08,2.69964
0,13,19.1162,38.872,45.08,2.69964
0,14,19.1064,39.0082,45.08,2.69964
0,15,19.1064,38.872,43.24,2.69964
0,16,19.0966,38.8039,43.24,2.69964
0,17,19.0966,38.7357,43.24,2.69964
0,18,19.0868,38.8039,43.24,2.69964
0,19,19.0672,38.9061,43.24,2.68742
0,20,19.0672,38.872,43.24,2.69964
0,21,19.0672,38.9061,43.24,2.69964
0,22,19.0868,39.0082,43.24,2.69964
0,23,19.0182,38.7357,43.24,2.68742
0,24,19.0182,38.7357,43.24,2.69964
0,25,19.0084,38.8039,43.24,2.69964
0,26,19.0084,38.9401,43.24,2.68742
0,27,19.0084,38.9401,43.24,2.69964
0,28,18.9986,38.9742,43.24,2.68742
0,29,19.0084,38.9742,43.24,2.69964
0,30,18.9888,39.0422,43.24,2.68742
0,31,18.9692,38.9401,43.24,2.69964
0,32,18.979,39.0763,43.24,2.69964
0,33,18.979,38.9742,43.24,2.68742
0,34,18.9692,38.9401,43.24,2.68742
0,35,18.9888,38.8039,43.24,2.69964
0,36,18.979,38.872,43.24,2.68742
0,37,18.9888,38.9061,43.24,2.69964
0,38,18.9692,38.8039,43.24,2.69964
0,39,18.9594,38.8039,43.24,2.68742
0,40,18.9594,38.8379,43.24,2.68742
0,41,18.9692,38.8039,43.24,2.69964
0,42,18.9398,38.7698,43.24,2.68742
0,43,18.93,38.8039,43.24,2.69964
0,44,18.9202,38.872,43.24,2.68742
0,45,18.9104,39.0082,43.24,2.69964
0,46,18.9006,38.9061,43.24,2.69964
0,47,18.9006,39.0082,43.24,2.69964
0,48,18.9104,39.0082,43.24,2.68742
0,49,18.9006,39.0082,43.24,2.69964
0,50,18.8908,39.0763,43.24,2.68742
0,51,18.9006,39.0082,43.24,2.69964
0,52,18.9104,39.0082,43.24,2.69964
0,53,18.8908,38.9401,43.24,2.68742
0,54,18.8712,38.9742,43.24,2.69964
0,55,18.8222,39.0082,43.24,2.68742
0,56,18.8124,39.0082,43.24,2.69964
0,57,18.8124,39.0082,43.24,2.68742
0,58,18.8026,39.0082,43.24,2.68742
0,59,18.7928,38.9401,43.24,2.68742
0,60,18.7928,38.9401,43.24,2.68742
0,61,18.7732,39.0082,43.24,2.68742
0,62,18.7732,39.0082,43.24,2.68742
0,63,18.7928,38.872,43.24,2.69964
0,64,18.7732,38.9061,43.24,2.69964
0,65,18.7536,38.8379,43.24,2.68742
0,66,18.7732,38.8039,43.24,2.69964
0,67,18.7634,38.872,43.24,2.68742
0,68,18.7536,38.8039,43.24,2.69964
0,69,18.7242,38.8039,43.24,2.68742
0,70,18.734,38.8379,43.24,2.69964
0,71,18.7242,38.9401,43.24,2.69964
0,72,18.734,38.872,43.24,2.69964
0,73,18.7242,38.9401,43.24,2.68742
0,74,18.7144,38.9401,43.24,2.68742
0,75,18.6948,38.9401,43.24,2.68742
0,76,18.6948,38.9401,43.24,2.68742
0,77,18.685,38.872,43.24,2.69964
0,78,18.6654,38.872,43.24,2.68742
0,79,18.6556,38.872,43.24,2.68742
0,80,18.6458,38.872,43.24,2.68742
0,81,18.636,38.872,43.24,2.69964
0,82,18.636,38.8379,43.24,2.68742
0,83,18.636,38.872,43.24,2.68742
0,84,18.636,38.8039,43.24,2.68742
0,85,18.6164,38.872,43.24,2.69964
0,86,18.6066,38.9061,43.24,2.68742
0,87,18.5478,38.9401,43.24,2.67532
0,88,18.5184,38.9401,43.24,2.68742
0,89,18.5086,39.0082,43.24,2.68742
0,90,18.4988,39.0763,43.24,2.68742
0,91,18.4988,39.0082,43.24,2.69964
0,92,18.4988,39.0422,43.24,2.68742
0,93,18.5086,39.0422,43.24,2.68742
0,94,18.5086,38.9742,43.24,2.68742
0,95,18.4694,38.9742,43.24,2.68742
0,96,18.4596,38.9742,43.24,2.68742
0,97,18.44,38.9401,43.24,2.68742
0,98,18.4204,38.9401,43.24,2.68742
0,99,18.4204,38.9401,43.24,2.68742
0,100,18.4106,39.0082,43.24,2.68742
0,101,18.4008,39.1443,43.24,2.68742
0,102,18.4008,39.0763,43.24,2.67532
0,103,18.4008,39.1443,43.24,2.69964
0,104,18.4106,39.0763,43.24,2.68742
0,105,18.4204,39.0422,43.24,2.68742
0,106,18.4106,39.0763,43.24,2.68742
0,107,18.4008,39.0763,43.24,2.69964
0,108,18.4008,39.0082,43.24,2.68742
0,109,18.4008,39.0082,43.24,2.68742
0,110,18.3812,39.0763,43.24,2.69964
0,111,18.3714,39.0082,43.24,2.68742
0,112,18.3812,39.0082,43.24,2.68742
0,113,18.3616,39.0082,43.24,2.69964
0,114,18.342,39.0082,43.24,2.68742
0,115,18.3322,39.0082,43.24,2.68742
0,116,18.3322,39.0082,43.24,2.67532
0,117,18.3322,39.0082,43.24,2.68742
0,118,18.342,39.0763,43.24,2.68742
0,119,18.3126,39.1443,43.24,2.68742
0,120,18.3224,39.0763,43.24,2.68742
0,121,18.3028,39.0763,43.24,2.68742
0,122,18.3028,39.1103,43.24,2.68742
0,123,18.293,39.1443,43.24,2.68742
0,124,18.3028,39.0763,43.24,2.68742
0,125,18.293,39.0763,43.24,2.67532
0,126,18.2832,39.0082,43.24,2.68742
0,127,18.2636,39.0763,43.24,2.68742
0,128,18.2734,39.0422,43.24,2.68742
0,129,18.2636,39.0763,43.24,2.69964
0,130,18.2636,39.0082,43.24,2.68742
0,131,18.244,38.9742,43.24,2.68742
0,132,18.2048,39.1443,43.24,2.68742
0,133,18.2048,39.1443,43.24,2.67532
0,134,18.1852,39.1443,43.24,2.68742
0,135,18.2048,39.0763,43.24,2.68742
0,136,18.2048,39.1443,43.24,2.68742
0,137,18.2048,39.1443,43.24,2.67532
0,138,18.1852,39.0422,43.24,2.68742
0,139,18.1558,39.1443,43.24,2.68742
0,140,18.1656,39.1443,43.24,2.68742
0,141,18.1558,39.0763,43.24,2.68742
0,142,18.1558,39.0763,43.24,2.68742
0,143,18.1362,39.0082,43.24,2.68742
0,144,18.1264,39.0422,43.24,2.67532
0,145,18.1068,39.0763,43.24,2.68742
0,146,18.097,39.0422,43.24,2.68742
0,147,18.0872,39.0082,43.24,2.68742
0,148,18.0872,39.0763,43.24,2.67532
0,149,18.0872,39.0422,43.24,2.69964
0,150,18.0872,39.0763,43.24,2.67532
0,151,18.0774,39.0422,43.24,2.68742
0,152,18.0676,39.1103,43.24,2.68742
0,153,18.0676,39.1103,43.24,2.67532
0,154,18.0676,39.0763,43.24,2.67532
0,155,18.0676,39.0082,43.24,2.68742
0,156,18.0284,39.0422,43.24,2.68742
0,157,18.0382,39.0763,43.24,2.68742
0,158,18.0284,39.0082,43.24,2.67532
0,159,18.0284,39.0082,43.24,2.68742
0,160,18.0186,39.0082,43.24,2.68742
0,161,18.0088,39.0082,43.24,2.68742
0,162,18.0088,39.0082,43.24,2.68742
0,163,17.9794,39.1103,43.24,2.67532
0,164,17.9598,39.1443,43.24,2.67532
0,165,17.9696,39.1103,43.24,2.68742
0,166,17.9598,39.1443,43.24,2.68742
0,167,17.9304,39.2123,43.24,2.67532
0,168,17.9304,39.2123,43.24,2.68742
0,169,17.9402,39.1103,43.24,2.67532
0,170,17.95,39.0763,43.24,2.67532
0,171,17.9402,39.0082,43.24,2.67532
0,172,17.9108,39.0422,43.24,2.67532
0,173,17.8814,39.0422,43.24,2.67532
0,174,17.8814,39.0763,43.24,2.67532
0,175,17.8716,39.1103,43.24,2.67532
0,176,17.8912,39.1103,43.24,2.67532
0,177,17.8814,39.1443,43.24,2.67532
0,178,17.8716,39.1103,43.24,2.68742
0,179,17.8814,39.0763,43.24,2.68742
0,180,17.8912,39.0763,43.24,2.68742
0,181,17.8814,39.0422,43.24,2.67532
0,182,17.8716,39.0763,43.24,2.67532
0,183,17.8716,39.0763,43.24,2.67532
0,184,17.852,39.0763,43.24,2.68742
0,185,17.852,39.1103,43.24,2.68742
0,186,17.852,39.1103,43.24,2.68742
0,187,17.8422,39.0763,43.24,2.67532
0,188,17.8324,39.0422,43.24,2.67532
0,189,17.8128,39.0422,43.24,2.67532
0,190,17.8226,39.0422,43.24,2.68742
0,191,17.8128,39.1103,43.24,2.67532
0,192,17.7932,39.1443,43.24,2.67532
0,193,17.7932,39.1443,43.24,2.68742
0,194,17.7932,39.1443,43.24,2.67532
0,195,17.7932,39.1443,43.24,2.67532
0,196,17.803,39.1443,43.24,2.67532
0,197,17.8128,39.1103,43.24,2.68742
0,198,17.7834,39.1783,43.24,2.67532
0,199,17.7736,39.1103,43.24,2.68742
0,200,17.7736,39.1103,43.24,2.67532
0,201,17.7736,39.1783,43.24,2.68742
0,202,17.754,39.1103,43.24,2.67532
0,203,17.754,39.1443,43.24,2.67532
0,204,17.754,39.1103,43.24,2.67532
0,205,17.7246,39.1103,43.24,2.67532
0,206,17.7344,39.1443,43.24,2.68742
0,207,17.7148,39.1443,43.24,2.66332
0,208,17.7148,39.1443,43.24,2.67532
0,209,17.7148,39.1443,43.24,2.68742
0,210,17.7148,39.2123,43.24,2.67532
0,211,17.6952,39.2463,43.24,2.67532
0,212,17.6952,39.2123,43.24,2.67532
0,213,17.6854,39.2123,43.24,2.67532
0,214,17.705,39.1783,43.24,2.67532
0,215,17.6952,39.1783,43.24,2.68742
0,216,17.6952,39.1783,43.24,2.67532
0,217,17.6952,39.1443,43.24,2.67532
0,218,17.6952,39.1443,43.24,2.67532
0,219,17.6854,39.1443,43.24,2.67532
0,220,17.6854,39.0763,43.24,2.67532
0,221,17.656,39.2123,43.24,2.68742
0,222,17.656,39.2123,43.24,2.67532
0,223,17.656,39.2123,43.24,2.67532
0,224,17.6658,39.2123,43.24,2.68742
0,225,17.6756,39.2123,43.24,2.67532
0,226,17.6756,39.2123,43.24,2.67532
0,227,17.6756,39.1783,43.24,2.67532
0,228,17.6658,39.2123,43.24,2.68742
0,229,17.6756,39.1443,43.24,2.67532
0,230,17.6658,39.2123,43.24,2.68742
0,231,17.656,39.2803,43.24,2.67532
0,232,17.656,39.2123,43.24,2.67532
0,233,17.6462,39.2463,43.24,2.67532
0,234,17.6364,39.2123,43.24,2.68742
0,235,17.6364,39.2463,43.24,2.67532
0,236,17.6364,39.1783,43.24,2.67532
0,237,17.6364,39.2123,43.24,2.66332
0,238,17.6266,39.1443,43.24,2.67532
0,239,17.5972,39.1443,43.24,2.67532
0,240,17.607,39.1783,43.24,2.67532
0,241,17.5776,39.3483,43.24,2.67532
0,242,17.5678,39.3143,43.24,2.67532
0,243,17.5776,39.3143,43.24,2.67532
0,244,17.5776,39.2803,43.24,2.67532
0,245,17.5776,39.3823,45.08,2.67532
0,246,17.5776,39.2803,45.08,2.67532
0,247,17.5678,39.2803,45.08,2.67532
0,248,17.5776,39.3143,45.08,2.68742
0,249,17.5776,39.2803,45.08,2.67532
0,250,17.5776,39.2803,45.08,2.67532
0,251,17.5776,39.3483,46.92,2.67532
0,252,17.5776,39.2463,46.92,2.67532
0,253,17.5678,39.2803,46.92,2.67532
0,254,17.5678,39.2463,46.92,2.67532
0,255,17.558,39.2463,46.92,2.67532
0,256,17.558,39.2123,46.92,2.68742
0,257,17.5482,39.2123,48.76,2.68742
0,258,17.5384,39.3483,50.6,2.67532
0,259,17.5482,39.4502,53.36,2.67532
0,260,17.509,39.2803,57.04,2.67532
0,261,17.509,39.2803,57.04,2.67532
0,262,17.509,39.2803,57.04,2.67532
0,263,17.509,39.2803,57.04,2.67532
0,264,17.5482,39.3143,136.16,2.67532
0,265,17.5874,39.2123,150.88,2.67532
0,266,17.5972,39.1443,165.6,2.67532
0,267,17.7442,38.872,235.52,2.67532
0,268,17.754,38.8379,235.52,2.68742
0,269,17.7932,38.8379,250.24,2.67532
0,270,17.8324,38.7698,309.12,2.67532
0,271,17.8324,38.7357,309.12,2.67532
0,272,17.852,38.7357,323.84,2.68742
0,273,17.8618,38.7357,338.56,2.68742
0,274,17.852,38.7357,338.56,2.67532
0,275,17.8618,38.7698,338.56,2.67532
0,276,17.8912,38.6675,353.28,2.68742
0,277,17.901,38.6675,353.28,2.68742
0,278,17.95,38.6334,368,2.67532
0,279,17.95,38.5993,368,2.67532
0,280,17.95,38.6675,368,2.67532
0,281,17.95,38.5993,368,2.67532
0,282,17.9598,38.6675,368,2.67532
0,283,17.9696,38.6334,368,2.67532
0,284,17.9892,38.5993,368,2.67532
0,285,18.0186,38.5311,368,2.67532
0,286,18.0284,38.5652,368,2.67532
0,287,18.0284,38.5311,368,2.67532
0,288,18.0578,38.5311,368,2.67532
0,289,18.1558,38.3946,368,2.67532
0,290,18.1656,38.3263,368,2.68742
0,291,18.3224,38.1897,382.72,2.68742
0,292,18.3812,38.0529,382.72,2.67532
0,293,18.4988,37.9161,382.72,2.68742
0,294,18.5772,37.7792,397.44,2.68742
0,295,18.5968,37.8477,397.44,2.68742
0,296,18.636,37.7107,397.44,2.68742
0,297,18.7732,37.5394,397.44,2.67532
0,298,18.8516,37.4022,412.16,2.68742
0,299,18.8614,37.3336,412.16,2.68742
0,300,18.8908,37.2993,412.16,2.68742
0,301,18.9202,37.2993,412.16,2.68742
0,302,18.93,37.2307,412.16,2.68742
0,303,18.9496,37.162,412.16,2.68742
0,304,18.9594,37.2307,412.16,2.68742
0,305,19.1652,36.7839,397.44,2.68742
0,306,19.1848,36.7495,397.44,2.68742
0,307,19.2142,36.7151,397.44,2.68742
0,308,19.2436,36.6118,397.44,2.68742
0,309,19.273,36.543,397.44,2.68742
0,310,19.322,36.4741,397.44,2.68742
0,311,19.3906,36.4052,397.44,2.69964
0,312,19.4396,36.2673,397.44,2.68742
0,313,19.4494,36.3018,397.44,2.69964
0,314,19.5376,36.1983,397.44,2.68742
0,315,19.5474,36.1293,397.44,2.69964
0,316,19.5964,36.0603,397.44,2.68742
0,317,19.665,35.9221,397.44,2.69964
0,318,19.763,35.7839,397.44,2.69964
0,319,19.7728,35.6802,397.44,2.68742
0,320,19.7826,35.7148,397.44,2.69964
0,321,19.9296,35.5764,397.44,2.69964
0,322,20.0178,35.3687,397.44,2.69964
0,323,20.0276,35.2995,397.44,2.68742
0,324,20.0472,35.2648,397.44,2.69964
0,325,20.253,34.8834,397.44,2.69964
0,326,20.2824,34.8834,412.16,2.69964
0,327,20.5176,34.536,412.16,2.69964
0,328,20.596,34.3969,412.16,2.69964
0,329,20.6058,34.3273,412.16,2.69964
0,330,20.7136,34.188,426.88,2.69964
0,331,20.7136,34.188,426.88,2.69964
0,332,20.7626,34.1184,426.88,2.69964
0,333,20.8312,34.0139,426.88,2.69964
0,334,20.89,33.9093,426.88,2.69964
0,335,20.988,33.8047,426.88,2.69964
0,336,21.2134,33.4206,441.6,2.71196
0,337,21.2428,33.4206,441.6,2.71196
0,338,21.282,33.3507,441.6,2.71196
0,339,21.3114,33.3158,441.6,2.71196
0,340,21.3114,33.2808,441.6,2.71196
0,341,21.3212,33.2808,441.6,2.71196
0,342,21.3212,33.2458,441.6,2.71196
0,343,21.3408,33.3507,441.6,2.71196
0,344,21.3702,33.2808,441.6,2.71196
0,345,21.3996,33.2808,441.6,2.69964
0,346,21.4388,33.2108,441.6,2.71196
0,347,21.4878,33.0709,441.6,2.71196
0,348,21.5172,33.0709,441.6,2.71196
0,349,21.5074,33.0009,441.6,2.71196
0,350,21.527,33.0359,441.6,2.71196
0,351,21.5368,33.0009,441.6,2.71196
0,352,21.6544,32.8608,441.6,2.71196
0,353,21.674,32.8958,441.6,2.71196
0,354,21.7132,32.8608,441.6,2.71196
0,355,21.7916,32.8257,441.6,2.71196
0,356,21.8112,32.7557,441.6,2.71196
0,357,21.8112,32.6855,441.6,2.7244
0,358,21.8896,32.5803,456.32,2.71196
0,359,21.8896,32.5452,456.32,2.7244
0,360,21.9484,32.5102,456.32,2.71196
0,361,22.017,32.44,456.32,2.7244
0,362,22.0366,32.4049,456.32,2.7244
0,363,22.066,32.3698,456.32,2.71196
0,364,22.0856,32.3346,456.32,2.71196
0,365,22.115,32.2995,456.32,2.7244
0,366,22.0954,32.4049,456.32,2.7244
0,367,22.0856,32.44,478.4,2.7244
0,368,22.0954,32.4049,478.4,2.7244
0,369,22.1346,32.3698,478.4,2.71196
0,370,22.1934,32.3346,478.4,2.7244
0,371,22.2228,32.2644,478.4,2.71196
0,372,22.2424,32.2293,478.4,2.7244
0,373,22.3012,32.1941,478.4,2.7244
0,374,22.36,32.0887,478.4,2.7244
0,375,22.458,31.948,478.4,2.71196
0,376,22.4972,31.948,478.4,2.7244
0,377,22.5168,31.8776,478.4,2.7244
0,378,22.4874,32.0183,478.4,2.71196
0,379,22.5952,31.8072,478.4,2.7244
0,380,22.6638,31.8072,478.4,2.7244
0,381,22.6834,31.7368,478.4,2.7244
0,382,22.6344,31.948,478.4,2.73696
0,383,22.6442,31.8072,478.4,2.7244
0,384,22.7128,31.7368,478.4,2.71196
0,385,22.7324,31.6664,478.4,2.7244
0,386,22.7618,31.5959,478.4,2.7244
0,387,22.752,31.6312,478.4,2.7244
0,388,22.7324,31.6664,478.4,2.7244
0,389,22.752,31.7368,478.4,2.7244
0,390,22.7912,31.6664,478.4,2.7244
0,391,22.7716,31.7368,478.4,2.7244
0,392,22.8108,31.7016,478.4,2.7244
0,393,22.8304,31.6312,478.4,2.73696
0,394,22.8794,31.5254,478.4,2.7244
0,395,22.8892,31.5254,507.84,2.7244
0,396,22.9872,31.3844,507.84,2.7244
0,397,23.0068,31.4197,507.84,2.7244
0,398,23.0264,31.4549,507.84,2.7244
0,399,23.0558,31.3139,507.84,2.73696
0,400,23.0754,31.3139,507.84,2.7244
0,401,23.0852,31.3139,507.84,2.73696
0,402,23.0852,31.3844,507.84,2.7244
0,403,23.1146,31.3139,507.84,2.7244
0,404,23.193,31.1374,507.84,2.7244
0,405,23.2616,31.1374,507.84,2.73696
0,406,23.3008,31.1021,507.84,2.7244
0,407,23.3596,31.0314,507.84,2.73696
0,408,23.3302,31.0667,507.84,2.7244
0,409,23.34,31.1727,507.84,2.7244
0,410,23.4576,30.9608,507.84,2.73696
0,411,23.487,30.8901,507.84,2.73696
0,412,23.5262,30.8547,507.84,2.73696
0,413,23.5164,30.8901,507.84,2.73696
0,414,23.6046,30.7486,507.84,2.7244
0,415,23.6536,30.6779,507.84,2.73696
0,416,23.683,30.6779,507.84,2.74963
0,417,23.6732,30.6779,507.84,2.73696
0,418,23.683,30.6779,507.84,2.73696
0,419,23.732,30.6071,507.84,2.7244
0,420,23.732,30.6071,507.84,2.73696
0,421,23.7418,30.5717,507.84,2.73696
0,422,23.8104,30.5363,507.84,2.73696
0,423,23.8496,30.5363,456.32,2.73696
0,424,23.9084,30.4655,478.4,2.73696
0,425,23.9182,30.4655,478.4,2.73696
0,426,23.9084,30.4301,478.4,2.73696
0,427,23.9182,30.3947,478.4,2.73696
0,428,23.9378,30.3947,478.4,2.73696
0,429,23.9574,30.3947,478.4,2.73696
0,430,23.9672,30.3947,478.4,2.7244
0,431,23.9868,30.3947,456.32,2.73696
0,432,24.0064,30.3947,478.4,2.73696
0,433,24.0162,30.3238,507.84,2.73696
0,434,24.1142,30.2529,507.84,2.73696
0,435,24.1436,30.2529,507.84,2.73696
0,436,24.1828,30.1465,507.84,2.74963
0,437,24.1828,30.182,507.84,2.73696
0,438,24.0848,30.3238,507.84,2.73696
0,439,24.2122,30.2529,507.84,2.73696
0,440,24.2808,30.1111,507.84,2.73696
0,441,24.3984,29.8981,507.84,2.73696
0,442,24.32,30.0401,507.84,2.74963
0,443,24.3004,30.1111,507.84,2.74963
0,444,24.3102,30.1111,507.84,2.73696
0,445,24.3984,30.2175,478.4,2.73696
0,446,24.4572,30.1111,507.84,2.74963
0,447,24.4866,30.0401,478.4,2.73696
0,448,24.4376,30.0401,478.4,2.73696
0,449,24.3984,30.0046,478.4,2.73696
0,450,24.3886,30.0046,478.4,2.74963
0,451,24.4082,30.0401,478.4,2.73696
0,452,24.3984,30.182,478.4,2.74963
0,453,24.418,30.0401,478.4,2.73696
0,454,24.2612,30.3238,507.84,2.74963
0,455,24.3494,30.2884,478.4,2.74963
0,456,24.5062,30.0401,507.84,2.73696
0,457,24.5356,30.0401,507.84,2.74963
0,458,24.516,29.9691,507.84,2.74963
0,459,24.5552,29.9691,507.84,2.74963
0,460,24.5552,29.8981,507.84,2.74963
0,461,24.565,29.9691,478.4,2.73696
0,462,24.5748,30.0046,478.4,2.73696
0,463,24.5552,30.0401,456.32,2.73696
0,464,24.4376,30.2884,478.4,2.74963
0,465,24.4474,30.3238,478.4,2.73696
0,466,24.4572,30.2175,507.84,2.73696
0,467,24.4474,30.3592,478.4,2.74963
0,468,24.4572,30.2529,478.4,2.73696
0,469,24.3886,30.6071,478.4,2.73696
0,470,24.3494,30.4655,507.84,2.74963
0,471,24.3004,30.5363,478.4,2.74963
0,472,24.3102,30.5009,456.32,2.73696
0,473,24.2808,30.6071,478.4,2.74963
0,474,24.2024,30.6779,478.4,2.74963
0,475,24.222,30.8194,478.4,2.74963
0,476,24.2808,30.6779,507.84,2.74963
0,477,24.2416,30.7486,507.84,2.73696
0,478,24.3102,30.6071,478.4,2.73696
0,479,24.3494,30.6071,456.32,2.74963
0,480,24.3298,30.6779,456.32,2.73696
0,481,24.3788,30.5363,456.32,2.73696
0,482,24.3592,30.5717,441.6,2.74963
0,483,24.3788,30.6071,456.32,2.74963
0,484,24.3886,30.6071,478.4,2.74963
0,485,24.3788,30.6779,478.4,2.74963
0,486,24.3984,30.6071,478.4,2.74963
0,487,24.3984,30.6779,478.4,2.74963
0,488,24.3886,30.6071,478.4,2.74963
0,489,24.418,30.5363,456.32,2.73696
0,490,24.4376,30.5363,478.4,2.74963
0,491,24.5258,30.4655,478.4,2.74963
0,492,24.5258,30.5363,478.4,2.74963
0,493,24.5944,30.3238,478.4,2.74963
0,494,24.614,30.2529,478.4,2.74963
0,495,24.614,30.2529,456.32,2.74963
0,496,24.6434,30.182,478.4,2.74963
0,497,24.663,30.182,456.32,2.74963
0,498,24.6532,30.182,441.6,2.74963
0,499,24.6532,30.182,456.32,2.74963
0,500,24.614,30.2529,441.6,2.74963
0,501,24.6336,30.2529,456.32,2.74963
0,502,24.614,30.2529,456.32,2.74963
0,503,24.6238,30.2175,456.32,2.74963
0,504,24.6042,30.3947,456.32,2.73696
0,505,24.5748,30.3947,441.6,2.74963
0,506,24.565,30.3947,456.32,2.74963
0,507,24.5356,30.5009,456.32,2.73696
0,508,24.5258,30.4655,441.6,2.74963
0,509,24.5552,30.4655,426.88,2.74963
0,510,24.4572,30.6779,412.16,2.74963
0,511,24.4964,30.5363,412.16,2.74963
0,512,24.5454,30.4655,426.88,2.74963
0,513,24.5748,30.4301,412.16,2.73696
0,514,24.5944,30.4655,426.88,2.73696
0,515,24.614,30.3947,412.16,2.73696
0,516,24.6042,30.5363,426.88,2.74963
0,517,24.6434,30.3947,441.6,2.74963
0,518,24.6336,30.3238,441.6,2.73696
0,519,24.6532,30.3238,456.32,2.74963
0,520,24.663,30.2529,456.32,2.74963
0,521,24.7414,30.182,426.88,2.74963
0,522,24.6826,30.3238,441.6,2.74963
0,523,24.712,30.2529,441.6,2.74963
0,524,24.6728,30.2529,441.6,2.73696
0,525,24.663,30.2529,456.32,2.74963
0,526,24.5944,30.3238,456.32,2.74963
0,527,24.5552,30.5363,441.6,2.74963
0,528,24.565,30.5363,441.6,2.74963
0,529,24.5552,30.4655,441.6,2.74963
0,530,24.565,30.5363,441.6,2.74963
0,531,24.5944,30.5363,441.6,2.74963
0,532,24.6336,30.5363,441.6,2.73696
0,533,24.6728,30.4655,426.88,2.74963
0,534,24.7022,30.4655,426.88,2.74963
0,535,24.712,30.4655,426.88,2.74963
0,536,24.7022,30.5009,426.88,2.74963
0,537,24.761,30.3947,426.88,2.74963
0,538,24.7904,30.3947,426.88,2.74963
0,539,24.7806,30.3238,426.88,2.74963
0,540,24.7904,30.3238,412.16,2.74963
0,541,24.81,30.3238,426.88,2.73696
0,542,24.7806,30.3947,426.88,2.74963
0,543,24.712,30.5363,426.88,2.74963
0,544,24.7512,30.5363,441.6,2.74963
0,545,24.7512,30.5009,441.6,2.74963
0,546,24.7708,30.5363,441.6,2.74963
0,547,24.7904,30.4655,441.6,2.74963
0,548,24.7708,30.4655,412.16,2.74963
0,549,24.663,30.7486,426.88,2.73696
0,550,24.6826,30.5363,426.88,2.74963
0,551,24.6728,30.6071,426.88,2.74963
0,552,24.6434,30.5717,426.88,2.74963
0,553,24.6238,30.6779,426.88,2.74963
0,554,24.614,30.784,426.88,2.74963
0,555,24.6532,30.7133,426.88,2.74963
0,556,24.6728,30.6071,426.88,2.74963
0,557,24.712,30.5009,426.88,2.74963
0,558,24.7512,30.4655,426.88,2.74963
0,559,24.7512,30.6779,412.16,2.74963
0,560,24.7316,30.5363,412.16,2.74963
0,561,24.7316,30.5363,426.88,2.74963
0,562,24.7218,30.784,441.6,2.74963
0,563,24.7316,30.8194,441.6,2.74963
0,564,24.7218,30.6779,441.6,2.73696
0,565,24.7414,30.6425,441.6,2.74963
0,566,24.7904,30.5363,441.6,2.74963
0,567,24.7512,30.5363,397.44,2.74963
0,568,24.81,30.5363,412.16,2.74963
0,569,24.7512,30.5363,397.44,2.74963
0,570,24.7806,30.4655,397.44,2.74963
0,571,24.859,30.5363,412.16,2.74963
0,572,24.859,30.4655,412.16,2.74963
0,573,24.8492,30.4301,412.16,2.76242
0,574,24.8296,30.5363,412.16,2.74963
0,575,24.7512,30.5363,412.16,2.74963
0,576,24.7316,30.6779,412.16,2.74963
0,577,24.7316,30.6425,412.16,2.74963
0,578,24.6924,30.6779,412.16,2.73696
0,579,24.712,30.6779,412.16,2.76242
0,580,24.7022,30.6071,412.16,2.74963
0,581,24.6924,30.6071,397.44,2.74963
0,582,24.712,30.6779,397.44,2.74963
0,583,24.7414,30.5363,397.44,2.73696
0,584,24.8786,30.3947,382.72,2.74963
0,585,24.8982,30.3238,382.72,2.74963
0,586,24.8786,30.3947,323.84,2.74963
0,587,24.8786,30.3947,309.12,2.74963
0,588,24.8884,30.3592,353.28,2.74963
0,589,24.8982,30.3238,397.44,2.74963
0,590,24.9864,30.182,368,2.74963
0,591,24.9864,30.1465,397.44,2.74963
0,592,24.9276,30.3947,412.16,2.74963
0,593,24.8492,30.3947,368,2.74963
0,594,24.8296,30.4655,368,2.74963
0,595,24.8002,30.6779,368,2.74963
0,596,24.712,30.6779,338.56,2.74963
0,597,24.712,30.6779,338.56,2.73696
0,598,24.7218,30.7133,397.44,2.74963
0,599,24.7414,30.6071,397.44,2.74963
0,600,24.7904,30.6071,412.16,2.74963
0,601,24.81,30.5009,412.16,2.74963
0,602,24.8394,30.4655,397.44,2.74963
0,603,24.8296,30.6071,397.44,2.74963
0,604,24.761,30.8901,397.44,2.74963
0,605,24.81,30.5363,382.72,2.74963
0,606,24.9178,30.3238,382.72,2.74963
0,607,24.8198,30.5363,382.72,2.74963
0,608,24.712,30.784,382.72,2.74963
0,609,24.6728,30.8901,382.72,2.74963
0,610,24.6532,30.9608,368,2.74963
0,611,24.7414,30.7486,368,2.74963
0,612,24.7708,30.6071,368,2.74963
0,613,24.7806,30.8194,368,2.74963
0,614,24.9374,30.4301,382.72,2.74963
0,615,24.9766,30.3947,382.72,2.74963
0,616,24.9766,30.2529,353.28,2.74963
0,617,24.9864,30.2529,353.28,2.74963
0,618,24.9668,30.2529,338.56,2.74963
0,619,24.8688,30.5363,323.84,2.74963
0,620,24.6728,30.8901,323.84,2.74963
0,621,24.5356,31.5959,323.84,2.74963
0,622,24.5258,30.9961,323.84,2.74963
0,623,24.5356,31.1021,323.84,2.74963
0,624,24.4572,31.1727,309.12,2.74963
0,625,24.4376,31.3139,309.12,2.74963
0,626,24.2612,31.5607,279.68,2.74963
0,627,24.1926,31.7368,279.68,2.74963
0,628,24.075,31.948,264.96,2.73696
0,629,24.0456,31.8072,279.68,2.73696
0,630,24.0456,31.8424,309.12,2.74963
0,631,24.0358,31.8072,323.84,2.74963
0,632,24.0162,31.948,338.56,2.74963
0,633,23.9868,32.0183,338.56,2.73696
0,634,23.9084,32.2293,323.84,2.74963
0,635,23.8202,32.2995,294.4,2.73696
0,636,23.83,32.1238,294.4,2.73696
0,637,23.9084,31.948,279.68,2.74963
0,638,23.8986,31.948,279.68,2.74963
0,639,23.928,31.8424,279.68,2.73696
0,640,23.8692,32.2293,279.68,2.73696
0,641,23.7908,32.5102,279.68,2.73696
0,642,23.7222,32.3698,294.4,2.73696
0,643,23.7516,32.0887,309.12,2.73696
0,644,23.7712,31.948,294.4,2.74963
0,645,23.8006,31.948,294.4,2.73696
0,646,23.8104,32.0183,294.4,2.74963
0,647,23.7908,32.2644,309.12,2.73696
0,648,23.7614,32.2293,309.12,2.73696
0,649,23.7614,32.2995,309.12,2.74963
0,650,23.7712,32.1941,294.4,2.73696
0,651,23.7614,32.159,309.12,2.73696
0,652,23.7516,32.2293,294.4,2.73696
0,653,23.732,32.159,309.12,2.74963
0,654,23.732,32.2293,294.4,2.73696
0,655,23.6928,32.44,309.12,2.73696
0,656,23.6634,32.5452,294.4,2.73696
0,657,23.6536,32.6505,294.4,2.73696
0,658,23.6144,32.5102,309.12,2.73696
0,659,23.7026,32.2293,309.12,2.73696
0,660,23.7614,32.5102,309.12,2.73696
0,661,23.7712,32.5102,309.12,2.73696
0,662,23.7614,32.159,294.4,2.74963
0,663,23.7712,32.1238,294.4,2.73696
0,664,23.781,32.1941,279.68,2.73696
0,665,23.7124,32.3346,294.4,2.73696
0,666,23.6928,32.5803,279.68,2.73696
0,667,23.683,32.5102,279.68,2.73696
0,668,23.7124,32.2293,279.68,2.73696
0,669,23.732,32.0887,264.96,2.73696
0,670,23.7516,32.1941,264.96,2.73696
0,671,23.7712,32.0887,264.96,2.73696
0,672,23.7712,32.1238,264.96,2.73696
0,673,23.7026,32.44,264.96,2.73696
0,674,23.683,32.5803,264.96,2.73696
0,675,23.634,32.5803,264.96,2.7244
0,676,23.6242,32.6855,250.24,2.73696
0,677,23.634,32.3698,250.24,2.73696
0,678,23.6732,32.3698,250.24,2.73696
0,679,23.683,32.2995,250.24,2.73696
0,680,23.6732,32.2995,250.24,2.73696
0,681,23.6732,32.4049,250.24,2.73696
0,682,23.6046,32.5452,250.24,2.73696
0,683,23.5948,32.6154,235.52,2.73696
0,684,23.6144,32.5102,235.52,2.74963
0,685,23.6438,32.4049,217.12,2.73696
0,686,23.6634,32.2995,224.48,2.73696
0,687,23.6732,32.3698,217.12,2.74963
0,688,23.6928,32.3698,217.12,2.74963
0,689,23.6634,32.44,217.12,2.73696
0,690,23.6536,32.44,224.48,2.73696
0,691,23.6144,32.5803,224.48,2.73696
0,692,23.5164,32.7907,235.52,2.73696
0,693,23.4968,32.7907,235.52,2.73696
0,694,23.4674,32.7907,235.52,2.7244
0,695,23.438,32.7907,250.24,2.73696
0,696,23.438,32.8257,250.24,2.74963
0,697,23.438,32.7557,250.24,2.73696
0,698,23.4478,32.7206,235.52,2.73696
0,699,23.438,32.5803,235.52,2.73696
0,700,23.4576,32.5803,235.52,2.73696
0,701,23.4576,32.6505,235.52,2.73696
0,702,23.3694,32.8608,250.24,2.7244
0,703,23.3596,32.8608,250.24,2.73696
0,704,23.3596,32.7206,235.52,2.73696
0,705,23.3596,32.7907,235.52,2.73696
0,706,23.34,32.7907,235.52,2.73696
0,707,23.3106,32.7907,235.52,2.73696
0,708,23.3302,32.9308,224.48,2.7244
0,709,23.3204,32.9308,224.48,2.73696
0,710,23.291,32.9308,217.12,2.73696
0,711,23.2812,33.0009,209.76,2.73696
0,712,23.2812,32.9659,209.76,2.73696
0,713,23.2714,33.0009,202.4,2.7244
0,714,23.2616,32.8958,209.76,2.73696
0,715,23.242,32.8608,209.76,2.73696
0,716,23.2224,32.8958,202.4,2.73696
0,717,23.2224,32.8608,195.04,2.7244
0,718,23.2224,32.7907,195.04,2.7244
0,719,23.2028,32.8608,187.68,2.7244
0,720,23.1832,32.8608,180.32,2.7244
0,721,23.1636,32.9659,195.04,2.73696
0,722,23.1538,33.1409,195.04,2.73696
0,723,23.1342,33.0709,202.4,2.73696
0,724,23.1244,33.1409,202.4,2.73696
0,725,23.0754,33.2458,195.04,2.7244
0,726,23.0656,33.1409,187.68,2.73696
0,727,23.046,33.1409,180.32,2.73696
0,728,23.0264,33.2108,172.96,2.73696
0,729,23.0166,33.2458,172.96,2.73696
0,730,23.0068,33.2808,180.32,2.73696
0,731,22.9676,33.2108,180.32,2.7244
0,732,22.9382,33.2808,180.32,2.73696
0,733,22.899,33.2808,172.96,2.7244
0,734,22.85,33.3507,172.96,2.73696
0,735,22.8402,33.4905,172.96,2.7244
0,736,22.8402,33.4905,172.96,2.73696
0,737,22.85,33.4905,172.96,2.73696
0,738,22.8402,33.5254,172.96,2.74963
0,739,22.8402,33.5254,180.32,2.73696
0,740,22.8304,33.5604,180.32,2.7244
0,741,22.8304,33.4905,180.32,2.73696
0,742,22.8402,33.5254,180.32,2.7244
0,743,22.8304,33.4206,180.32,2.7244
0,744,22.8206,33.4905,180.32,2.73696
0,745,22.7716,33.5953,180.32,2.73696
0,746,22.7716,33.6302,172.96,2.7244
0,747,22.752,33.5604,172.96,2.7244
0,748,22.7324,33.5604,165.6,2.73696
0,749,22.6932,33.5953,172.96,2.73696
0,750,22.6736,33.7,180.32,2.73696
0,751,22.6736,33.7,172.96,2.73696
0,752,22.6638,33.7,180.32,2.73696
0,753,22.654,33.7,180.32,2.73696
0,754,22.6344,33.7698,172.96,2.7244
0,755,22.6246,33.8396,172.96,2.7244
0,756,22.6148,33.8396,172.96,2.7244
0,757,22.5854,33.9093,172.96,2.7244
0,758,22.5168,33.979,165.6,2.7244
0,759,22.5364,33.979,165.6,2.7244
0,760,22.5462,33.979,165.6,2.7244
0,761,22.5364,33.979,158.24,2.73696
0,762,22.5266,33.979,158.24,2.73696
0,763,22.5168,34.0139,158.24,2.7244
0,764,22.5266,34.0487,150.88,2.73696
0,765,22.5168,34.0487,150.88,2.7244
0,766,22.5168,34.0139,150.88,2.7244
0,767,22.4972,34.0487,150.88,2.7244
0,768,22.4776,34.0139,150.88,2.7244
0,769,22.458,34.0487,150.88,2.7244
0,770,22.458,34.0836,150.88,2.7244
0,771,22.458,34.1184,150.88,2.7244
0,772,22.409,34.188,150.88,2.7244
0,773,22.3992,34.188,150.88,2.7244
0,774,22.3796,34.2577,150.88,2.7244
0,775,22.36,34.2229,150.88,2.7244
0,776,22.3404,34.2577,150.88,2.7244
0,777,22.3404,34.2577,150.88,2.7244
0,778,22.3208,34.3273,150.88,2.7244
0,779,22.3012,34.3273,143.52,2.7244
0,780,22.2816,34.3969,143.52,2.7244
0,781,22.262,34.5012,136.16,2.7244
0,782,22.2424,34.536,128.8,2.7244
0,783,22.2228,34.536,128.8,2.71196
0,784,22.2228,34.536,128.8,2.7244
0,785,22.213,34.536,128.8,2.7244
0,786,22.2228,34.536,128.8,2.7244
0,787,22.2032,34.536,128.8,2.7244
0,788,22.1934,34.536,128.8,2.7244
0,789,22.1836,34.536,121.44,2.7244
0,790,22.164,34.536,121.44,2.73696
0,791,22.164,34.536,128.8,2.7244
0,792,22.1052,34.675,121.44,2.7244
0,793,22.1052,34.675,128.8,2.71196
0,794,22.066,34.7445,128.8,2.7244
0,795,22.066,34.7445,121.44,2.7244
0,796,22.0366,34.7792,121.44,2.7244
0,797,22.0268,34.8487,121.44,2.7244
0,798,22.0072,34.8834,121.44,2.7244
0,799,21.9974,34.9181,121.44,2.7244
0,800,21.9778,34.8834,121.44,2.71196
0,801,21.9778,34.9181,121.44,2.7244
0,802,21.9876,34.9181,114.08,2.73696
0,803,21.9778,34.9181,114.08,2.7244
0,804,21.9974,34.8834,114.08,2.7244
0,805,21.9876,34.9181,114.08,2.7244
0,806,21.968,34.9528,114.08,2.71196
0,807,21.8994,35.0222,114.08,2.71196
0,808,21.8896,35.0915,114.08,2.7244
0,809,21.8504,35.2995,114.08,2.7244
0,810,21.8308,35.5072,114.08,2.7244
0,811,21.8602,35.4034,114.08,2.71196
0,812,21.8308,35.5072,108.56,2.7244
0,813,21.821,35.438,104.88,2.7244
0,814,21.8112,35.4726,101.2,2.7244
0,815,21.8112,35.5072,97.52,2.7244
0,816,21.8112,35.438,97.52,2.71196
0,817,21.8112,35.5072,97.52,2.7244
0,818,21.8112,35.5072,93.84,2.7244
0,819,21.8112,35.4726,93.84,2.7244
0,820,21.821,35.438,93.84,2.7244
0,821,21.821,35.438,93.84,2.7244
0,822,21.8112,35.438,90.16,2.7244
0,823,21.8308,35.438,90.16,2.71196
0,824,21.8112,35.438,90.16,2.71196
0,825,21.8112,35.438,86.48,2.71196
0,826,21.8112,35.438,86.48,2.71196
0,827,21.8112,35.438,86.48,2.7244
0,828,21.7524,35.5072,82.8,2.7244
0,829,21.7328,35.5072,82.8,2.7244
0,830,21.7132,35.5764,79.12,2.7244
0,831,21.723,35.5764,79.12,2.7244
0,832,21.7132,35.5764,79.12,2.71196
0,833,21.7132,35.6456,79.12,2.71196
0,834,21.7132,35.6456,79.12,2.7244
0,835,21.6936,35.6456,79.12,2.7244
0,836,21.674,35.7148,79.12,2.7244
0,837,21.6054,35.7839,75.44,2.71196
0,838,21.6054,35.853,75.44,2.7244
0,839,21.5368,35.9221,75.44,2.71196
0,840,21.5368,35.8876,75.44,2.7244
0,841,21.478,35.9221,75.44,2.7244
0,842,21.4584,35.9912,75.44,2.71196
0,843,21.4584,35.9567,71.76,2.71196
0,844,21.429,35.9912,71.76,2.7244
0,845,21.4094,36.0603,71.76,2.7244
0,846,21.4192,36.0603,71.76,2.71196
0,847,21.3996,36.0603,71.76,2.7244
0,848,21.38,36.0948,71.76,2.7244
0,849,21.331,36.1638,71.76,2.71196
0,850,21.3212,36.1983,71.76,2.7244
0,851,21.282,36.1983,68.08,2.71196
0,852,21.2722,36.1983,68.08,2.71196
0,853,21.2918,36.1983,64.4,2.71196
0,854,21.2918,36.1983,64.4,2.7244
0,855,21.282,36.1983,60.72,2.71196
0,856,21.2722,36.2328,60.72,2.71196
0,857,21.2722,36.2673,60.72,2.7244
0,858,21.184,36.5085,57.04,2.7244
0,859,21.2134,36.6807,57.04,2.71196
0,860,21.2036,36.6118,57.04,2.71196
0,861,21.2036,36.4741,57.04,2.71196
0,862,21.2036,36.4052,57.04,2.71196
0,863,21.1938,36.3707,57.04,2.71196
0,864,21.1742,36.4741,53.36,2.71196
0,865,21.1644,36.5085,53.36,2.71196
0,866,21.1546,36.4741,53.36,2.71196
0,867,21.135,36.5085,53.36,2.7244
0,868,21.1154,36.6118,57.04,2.71196
0,869,21.1056,36.5774,53.36,2.71196
0,870,21.1252,36.543,53.36,2.71196
0,871,21.1252,36.6118,50.6,2.71196
0,872,21.1056,36.543,48.76,2.71196
0,873,21.0762,36.543,48.76,2.71196
0,874,21.086,36.543,48.76,2.71196
0,875,21.086,36.543,48.76,2.71196
0,876,21.086,36.6118,48.76,2.69964
0,877,21.086,36.6118,48.76,2.71196
0,878,21.086,36.6807,48.76,2.69964
0,879,21.086,36.543,46.92,2.69964
0,880,21.0762,36.5774,46.92,2.71196
0,881,21.0664,36.6118,46.92,2.69964
0,882,21.0566,36.8183,46.92,2.71196
0,883,21.0664,36.6807,46.92,2.71196
0,884,21.0664,36.8183,46.92,2.71196
0,885,21.0566,36.7839,45.08,2.71196
0,886,21.0468,36.7495,45.08,2.71196
0,887,21.0468,36.6463,45.08,2.69964
0,888,21.0468,36.6463,45.08,2.69964
0,889,21.0468,36.6807,45.08,2.7244
0,890,21.037,36.7495,45.08,2.71196
0,891,21.0076,36.8183,43.24,2.71196
0,892,21.0076,36.8183,43.24,2.71196
0,893,20.9978,36.8871,43.24,2.71196
0,894,20.9978,36.8527,43.24,2.71196
0,895,20.9978,36.8183,43.24,2.71196
0,896,20.9782,36.8183,43.24,2.69964
0,897,20.9782,36.8183,43.24,2.69964
0,898,20.988,36.7495,43.24,2.71196
0,899,20.9684,36.7839,43.24,2.71196
0,900,20.9586,36.8183,43.24,2.69964
0,901,20.9586,36.8183,43.24,2.71196
0,902,20.9684,36.8183,43.24,2.71196
0,903,20.9488,36.8183,43.24,2.71196
0,904,20.9488,36.8183,43.24,2.69964
0,905,20.939,36.8871,43.24,2.71196
0,906,20.9194,36.7839,43.24,2.69964
0,907,20.89,36.9559,43.24,2.69964
0,908,20.89,36.9559,43.24,2.71196
0,909,20.89,36.9559,43.24,2.71196
0,910,20.89,36.9902,43.24,2.69964
0,911,20.89,37.0246,43.24,2.71196
0,912,20.8704,37.0933,43.24,2.71196
0,913,20.8508,37.0933,43.24,2.71196
0,914,20.8508,37.0933,43.24,2.71196
0,915,20.841,37.1277,43.24,2.71196
0,916,20.8312,37.0246,43.24,2.69964
0,917,20.8312,37.1963,43.24,2.71196
0,918,20.8214,37.162,43.24,2.71196
0,919,20.792,37.162,43.24,2.71196
0,920,20.8018,37.1963,43.24,2.69964
0,921,20.8018,37.2307,43.24,2.71196
0,922,20.8018,37.2307,43.24,2.71196
0,923,20.792,37.2307,43.24,2.71196
0,924,20.792,37.162,43.24,2.71196
0,925,20.7724,37.162,43.24,2.69964
0,926,20.7724,37.0933,43.24,2.71196
0,927,20.7528,37.162,43.24,2.71196
0,928,20.7528,37.0933,43.24,2.71196
0,929,20.7528,37.1277,43.24,2.71196
0,930,20.7528,37.162,43.24,2.71196
0,931,20.743,37.162,43.24,2.71196
0,932,20.743,37.162,43.24,2.71196
0,933,20.7332,37.162,43.24,2.69964
0,934,20.7332,37.2307,43.24,2.69964
0,935,20.7332,37.2993,43.24,2.71196
0,936,20.7234,37.2307,43.24,2.71196
0,937,20.7038,37.2307,43.24,2.69964
0,938,20.7136,37.2993,43.24,2.69964
0,939,20.7136,37.3679,43.24,2.69964
0,940,20.694,37.3679,43.24,2.71196
0,941,20.7038,37.3679,43.24,2.69964
0,942,20.7038,37.3679,43.24,2.69964
0,943,20.694,37.3336,43.24,2.69964
0,944,20.694,37.2993,43.24,2.69964
0,945,20.6744,37.3679,43.24,2.69964
0,946,20.6842,37.2993,43.24,2.69964
0,947,20.6646,37.4365,43.24,2.69964
0,948,20.6548,37.4365,43.24,2.69964
0,949,20.6548,37.3679,43.24,2.69964
0,950,20.6548,37.3679,43.24,2.71196
0,951,20.6646,37.3679,43.24,2.71196
0,952,20.6352,37.4022,43.24,2.71196
0,953,20.6352,37.3679,43.24,2.69964
0,954,20.6254,37.4365,43.24,2.69964
0,955,20.6254,37.3679,43.24,2.69964
0,956,20.6058,37.3679,43.24,2.69964
0,957,20.596,37.3679,43.24,2.71196
0,958,20.596,37.3679,43.24,2.71196
0,959,20.596,37.3679,43.24,2.69964
0,960,20.596,37.3679,43.24,2.71196
0,961,20.5862,37.3679,43.24,2.69964
0,962,20.5764,37.4365,43.24,2.69964
0,963,20.5764,37.4365,43.24,2.71196
0,964,20.5764,37.4708,43.24,2.69964
0,965,20.5764,37.5051,43.24,2.69964
0,966,20.5764,37.5051,43.24,2.69964
0,967,20.5568,37.5737,43.24,2.71196
0,968,20.5568,37.5737,43.24,2.69964
0,969,20.5372,37.6079,43.24,2.69964
0,970,20.5372,37.5737,43.24,2.69964
0,971,20.547,37.5737,43.24,2.69964
0,972,20.5372,37.6079,43.24,2.69964
0,973,20.5372,37.6422,43.24,2.69964
0,974,20.5274,37.5737,43.24,2.71196
0,975,20.5176,37.5737,43.24,2.69964
0,976,20.5176,37.6422,43.24,2.69964
0,977,20.5078,37.6765,43.24,2.69964
0,978,20.498,37.5737,43.24,2.69964
0,979,20.498,37.6765,43.24,2.71196
0,980,20.4784,37.5737,43.24,2.69964
0,981,20.4784,37.6422,43.24,2.69964
0,982,20.4784,37.6765,43.24,2.69964
0,983,20.4784,37.6422,43.24,2.69964
0,984,20.4686,37.6422,43.24,2.69964
0,985,20.4588,37.6422,43.24,2.69964
0,986,20.4588,37.6079,43.24,2.69964
0,987,20.4784,37.5737,43.24,2.71196
0,988,20.4686,37.5737,43.24,2.69964
0,989,20.4588,37.6422,43.24,2.69964
0,990,20.4392,37.8477,43.24,2.71196
0,991,20.4294,37.8477,43.24,2.69964
0,992,20.4392,37.8477,43.24,2.69964
0,993,20.4294,37.8134,45.08,2.69964
0,994,20.4392,37.8477,45.08,2.71196
0,995,20.4196,37.8134,43.24,2.69964
0,996,20.4098,37.8477,45.08,2.69964
0,997,20.4098,37.9161,45.08,2.69964
0,998,20.4,37.9161,45.08,2.69964
0,999,20.3902,37.9161,45.08,2.69964
0,1000,20.3902,37.8477,45.08,2.69964
0,1001,20.4,37.8477,45.08,2.69964
0,1002,20.4,37.8819,45.08,2.71196
0,1003,20.4,37.9161,45.08,2.69964
0,1004,20.3902,37.9161,45.08,2.69964
0,1005,20.3902,37.9161,45.08,2.69964
0,1006,20.3902,37.9161,45.08,2.69964
0,1007,20.3804,37.9161,45.08,2.69964
0,1008,20.3804,37.9503,45.08,2.69964
0,1009,20.3804,37.9161,45.08,2.69964
0,1010,20.3706,37.8819,45.08,2.69964
0,1011,20.3804,37.8477,45.08,2.71196
0,1012,20.3902,37.8477,45.08,2.69964
0,1013,20.3706,37.8819,45.08,2.69964
0,1014,20.3706,37.9161,45.08,2.69964
0,1015,20.3706,37.9161,45.08,2.69964
0,1016,20.3804,37.9503,45.08,2.69964
0,1017,20.3804,37.9845,45.08,2.69964
0,1018,20.3804,37.9845,45.08,2.69964
0,1019,20.3804,37.9845,45.08,2.69964
0,1020,20.3608,38.0187,45.08,2.71196
0,1021,20.351,38.0529,45.08,2.69964
0,1022,20.3412,38.1213,45.08,2.69964
0,1023,20.3412,38.0871,45.08,2.69964
0,1024,20.3412,38.1213,45.08,2.69964

