3,1,24.5454,27.4709,264.96,2.71196
3,2,24.565,27.3991,264.96,2.71196
3,3,24.614,27.3991,264.96,2.71196
3,4,24.6532,27.2914,264.96,2.71196
3,5,24.5748,27.3991,264.96,2.71196
3,6,24.565,27.3273,264.96,2.71196
3,7,24.516,27.3991,264.96,2.71196
3,8,24.516,27.5068,250.24,2.71196
3,9,24.4572,27.6861,250.24,2.71196
3,10,24.4572,27.6861,250.24,2.71196
3,11,24.3494,27.9011,250.24,2.71196
3,12,24.32,28.0443,250.24,2.71196
3,13,24.4278,27.9011,250.24,2.71196
3,14,24.369,27.9727,235.52,2.71196
3,15,24.32,27.9727,235.52,2.71196
3,16,24.369,27.9727,235.52,2.7244
3,17,24.3102,28.0443,235.52,2.71196
3,18,24.271,28.1875,235.52,2.71196
3,19,24.271,28.0085,250.24,2.71196
3,20,24.418,27.7578,250.24,2.69964
3,21,24.4082,27.6861,250.24,2.69964
3,22,24.4572,27.6861,250.24,2.71196
3,23,24.4474,27.6144,250.24,2.71196
3,24,24.4474,27.5426,250.24,2.71196
3,25,24.4082,27.5785,235.52,2.71196
3,26,24.3004,27.7578,235.52,2.69964
3,27,24.3102,27.6861,235.52,2.71196
3,28,24.3396,27.6144,235.52,2.69964
3,29,24.3494,27.6144,235.52,2.71196
3,30,24.3494,27.5426,235.52,2.71196
3,31,24.3984,27.6144,235.52,2.69964
3,32,24.418,27.5426,235.52,2.71196
3,33,24.3788,27.5426,235.52,2.71196
3,34,24.3298,27.5426,235.52,2.69964
3,35,24.3396,27.5426,235.52,2.69964
3,36,24.3984,27.3991,235.52,2.71196
3,37,24.4082,27.3991,235.52,2.71196
3,38,24.4376,27.3991,235.52,2.71196
3,39,24.4376,27.3273,235.52,2.71196
3,40,24.4278,27.4709,235.52,2.71196
3,41,24.3102,27.6144,224.48,2.69964
3,42,24.3396,27.6861,224.48,2.69964
3,43,24.3788,27.6861,224.48,2.71196
3,44,24.3494,27.7578,224.48,2.71196
3,45,24.3788,27.6861,224.48,2.71196
3,46,24.3494,27.7578,224.48,2.71196
3,47,24.32,27.7578,224.48,2.71196
3,48,24.2612,27.8294,217.12,2.71196
3,49,24.2318,27.9011,224.48,2.69964
3,50,24.3004,27.6861,217.12,2.71196
3,51,24.3102,27.6861,217.12,2.69964
3,52,24.2514,27.7578,217.12,2.69964
3,53,24.2514,27.7219,217.12,2.71196
3,54,24.2024,27.7578,217.12,2.71196
3,55,24.2122,27.6861,217.12,2.71196
3,56,24.2024,27.7578,217.12,2.69964
3,57,24.222,27.7578,217.12,2.69964
3,58,24.173,27.7578,217.12,2.69964
3,59,24.1436,27.7578,217.12,2.71196
3,60,24.1142,27.7936,209.76,2.71196
3,61,24.0652,27.8294,209.76,2.71196
3,62,24.075,27.8294,209.76,2.71196
3,63,24.0652,27.9011,209.76,2.71196
3,64,24.0652,27.8294,209.76,2.69964
3,65,24.124,27.6861,209.76,2.69964
3,66,24.1044,27.6861,209.76,2.71196
3,67,23.928,27.9369,209.76,2.71196
3,68,23.9672,27.8653,209.76,2.69964
3,69,24.0358,27.8294,209.76,2.69964
3,70,24.0554,27.7578,202.4,2.69964
3,71,24.0946,27.7219,202.4,2.71196
3,72,24.124,27.6144,202.4,2.69964
3,73,24.1142,27.6144,202.4,2.71196
3,74,24.124,27.6144,202.4,2.69964
3,75,24.0456,27.7578,202.4,2.71196
3,76,23.9476,27.9369,202.4,2.69964
3,77,23.9868,27.9727,202.4,2.71196
3,78,23.928,28.0443,195.04,2.71196
3,79,23.8888,28.3305,187.68,2.71196
3,80,23.8398,28.402,180.32,2.69964
3,81,23.8496,28.6163,202.4,2.71196
3,82,23.9378,28.3663,195.04,2.71196
3,83,23.8888,28.3663,202.4,2.69964
3,84,23.9378,28.402,202.4,2.69964
3,85,23.9966,28.259,195.04,2.71196
3,86,23.83,28.402,195.04,2.71196
3,87,24.1044,28.402,195.04,2.69964
3,88,24.1142,28.1875,195.04,2.71196
3,89,24.1926,28.1517,195.04,2.71196
3,90,24.2514,28.2232,195.04,2.71196
3,91,24.222,28.0443,195.04,2.71196
3,92,24.2906,27.9727,195.04,2.71196
3,93,24.222,28.0443,195.04,2.71196
3,94,24.2318,28.0443,195.04,2.71196
3,95,24.32,28.0443,187.68,2.71196
3,96,24.32,27.9011,187.68,2.69964
3,97,24.3004,27.9011,187.68,2.71196
3,98,24.271,27.9369,187.68,2.7244
3,99,24.3004,28.0443,187.68,2.69964
3,100,24.2024,27.9011,187.68,2.71196
3,101,24.2122,27.9727,187.68,2.71196
3,102,24.2416,28.0443,187.68,2.71196
3,103,24.222,28.0443,187.68,2.71196
3,104,24.2122,27.9727,180.32,2.71196
3,105,24.1436,28.0443,180.32,2.71196
3,106,24.1044,28.0443,180.32,2.69964
3,107,24.0848,28.0443,180.32,2.69964
3,108,24.1828,28.259,180.32,2.69964
3,109,24.1534,27.9727,180.32,2.69964
3,110,24.2024,27.9727,180.32,2.71196
3,111,24.1338,27.9369,180.32,2.71196
3,112,24.1436,27.9727,180.32,2.71196
3,113,24.2024,28.1159,172.96,2.71196
3,114,24.1632,28.1875,180.32,2.69964
3,115,24.1632,28.0085,172.96,2.71196
3,116,24.1632,28.0443,172.96,2.71196
3,117,24.2024,27.9727,172.96,2.71196
3,118,24.1926,28.0085,172.96,2.71196
3,119,24.1828,27.8294,172.96,2.71196
3,120,24.1142,28.0443,172.96,2.69964
3,121,24.124,28.1159,165.6,2.69964
3,122,23.9966,28.3305,165.6,2.69964
3,123,23.977,28.4377,165.6,2.71196
3,124,24.026,28.4735,165.6,2.71196
3,125,23.928,28.5449,165.6,2.71196
3,126,23.9182,28.6877,165.6,2.69964
3,127,23.9966,28.6163,165.6,2.69964
3,128,24.026,28.6163,165.6,2.71196
3,129,23.9868,28.5449,158.24,2.69964
3,130,23.9182,28.6163,158.24,2.71196
3,131,23.9672,28.5449,158.24,2.69964
3,132,23.8104,28.6877,158.24,2.71196
3,133,23.732,28.8305,158.24,2.69964
3,134,23.7908,28.7234,158.24,2.69964
3,135,23.7908,28.7234,158.24,2.69964
3,136,23.8104,28.7591,158.24,2.69964
3,137,23.7712,28.6877,158.24,2.71196
3,138,23.7222,28.7948,150.88,2.69964
3,139,23.7516,28.7591,150.88,2.71196
3,140,23.634,28.9731,150.88,2.69964
3,141,23.6438,28.8661,150.88,2.69964
3,142,23.8006,28.7948,150.88,2.69964
3,143,23.83,28.6163,150.88,2.71196
3,144,23.8986,28.3663,143.52,2.71196
3,145,23.928,28.4735,143.52,2.69964
3,146,23.928,28.402,143.52,2.71196
3,147,23.8594,28.2948,143.52,2.69964
3,148,23.83,28.6163,136.16,2.71196
3,149,23.8006,28.6163,143.52,2.71196
3,150,23.781,28.6877,143.52,2.71196
3,151,23.7712,28.5806,136.16,2.69964
3,152,23.8202,28.6163,136.16,2.69964
3,153,23.8202,28.5449,136.16,2.71196
3,154,23.8496,28.652,136.16,2.69964
3,155,23.781,28.6877,136.16,2.69964
3,156,23.7614,28.7591,136.16,2.69964
3,157,23.7908,28.7591,136.16,2.69964
3,158,23.7712,28.8305,136.16,2.69964
3,159,23.7516,28.9731,136.16,2.69964
3,160,23.8006,28.7591,136.16,2.69964
3,161,23.7712,28.7948,128.8,2.69964
3,162,23.7222,28.7591,136.16,2.69964
3,163,23.7124,28.9018,136.16,2.69964
3,164,23.732,28.8305,136.16,2.69964
3,165,23.7222,28.8305,136.16,2.69964
3,166,23.683,28.9731,128.8,2.69964
3,167,23.6732,28.9018,128.8,2.69964
3,168,23.7026,28.9018,128.8,2.69964
3,169,23.6928,28.7948,128.8,2.69964
3,170,23.6928,28.7948,128.8,2.69964
3,171,23.6046,28.8305,128.8,2.69964
3,172,23.4674,29.0444,128.8,2.69964
3,173,23.3792,29.1157,121.44,2.69964
3,174,23.3596,29.1869,128.8,2.69964
3,175,23.389,29.1513,128.8,2.69964
3,176,23.438,29.0444,121.44,2.69964
3,177,23.4674,29.0444,121.44,2.69964
3,178,23.487,29.0088,121.44,2.69964
3,179,23.34,29.1869,114.08,2.69964
3,180,23.3204,29.2225,121.44,2.69964
3,181,23.3204,29.2225,121.44,2.69964
3,182,23.3498,29.1157,121.44,2.69964
3,183,23.2616,29.2581,121.44,2.69964
3,184,23.2812,29.2581,121.44,2.71196
3,185,23.242,29.2581,114.08,2.69964
3,186,23.242,29.3293,114.08,2.69964
3,187,23.2518,29.1157,114.08,2.69964
3,188,23.2812,29.2581,114.08,2.69964
3,189,23.2126,29.2581,114.08,2.69964
3,190,23.2616,29.3293,114.08,2.68742
3,191,23.2714,29.2581,114.08,2.69964
3,192,23.3106,29.3293,114.08,2.69964
3,193,23.2714,29.2581,108.56,2.68742
3,194,23.2812,29.1869,114.08,2.69964
3,195,23.3596,29.1157,114.08,2.69964
3,196,23.438,28.9018,114.08,2.69964
3,197,23.4478,28.9018,114.08,2.71196
3,198,23.3792,28.9731,114.08,2.69964
3,199,23.3498,28.9731,114.08,2.69964
3,200,23.3792,28.9731,108.56,2.68742
3,201,23.3792,28.8661,108.56,2.69964
3,202,23.3498,28.8305,108.56,2.69964
3,203,23.4086,28.9731,108.56,2.69964
3,204,23.3596,28.7948,108.56,2.69964
3,205,23.34,28.9731,108.56,2.69964
3,206,23.3204,28.9018,108.56,2.69964
3,207,23.3204,28.9018,108.56,2.69964
3,208,23.34,28.9018,108.56,2.69964
3,209,23.3498,28.9731,108.56,2.69964
3,210,23.3596,29.0088,108.56,2.69964
3,211,23.2616,29.1513,104.88,2.69964
3,212,23.2322,29.1869,104.88,2.69964
3,213,23.193,29.2581,104.88,2.69964
3,214,23.2224,29.2225,104.88,2.68742
3,215,23.2028,29.2225,101.2,2.69964
3,216,23.0166,29.4005,101.2,2.69964
3,217,23.0166,29.4717,101.2,2.69964
3,218,22.9284,29.5428,101.2,2.69964
3,219,22.8598,29.5428,101.2,2.68742
3,220,22.85,29.6139,101.2,2.69964
3,221,22.7128,29.685,101.2,2.68742
3,222,22.7226,29.685,97.52,2.69964
3,223,22.7128,29.685,97.52,2.68742
3,224,22.5364,29.685,97.52,2.68742
3,225,22.4776,29.7561,97.52,2.68742
3,226,22.458,29.7561,97.52,2.68742
3,227,22.4874,29.8271,97.52,2.68742
3,228,22.4972,29.8271,97.52,2.69964
3,229,22.4972,29.8271,93.84,2.68742
3,230,22.4776,29.685,97.52,2.68742
3,231,22.3796,29.8271,97.52,2.68742
3,232,22.3208,29.8981,93.84,2.68742
3,233,22.3306,29.8271,93.84,2.68742
3,234,22.3208,29.7561,93.84,2.68742
3,235,22.2816,29.7561,90.16,2.68742
3,236,22.1346,29.8981,90.16,2.68742
3,237,22.0856,30.0756,86.48,2.68742
3,238,22.066,30.0401,86.48,2.68742
3,239,22.0366,30.0046,86.48,2.68742
3,240,22.0366,30.182,86.48,2.68742
3,241,22.017,30.3238,86.48,2.67532
3,242,22.0072,30.2529,86.48,2.68742
3,243,21.9582,30.3947,86.48,2.68742
3,244,21.9288,30.2529,86.48,2.68742
3,245,21.9386,30.4301,86.48,2.68742
3,246,21.9386,30.3947,82.8,2.68742
3,247,21.968,30.4655,82.8,2.68742
3,248,21.968,30.3947,82.8,2.68742
3,249,21.9582,30.3947,82.8,2.68742
3,250,21.9092,30.5009,79.12,2.68742
3,251,21.8602,30.3947,79.12,2.67532
3,252,21.8896,30.5363,79.12,2.68742
3,253,21.919,30.4655,79.12,2.68742
3,254,21.9288,30.4301,75.44,2.68742
3,255,21.9092,30.3947,79.12,2.68742
3,256,21.9288,30.3592,75.44,2.68742
3,257,21.9288,30.3238,75.44,2.68742
3,258,21.9288,30.3238,75.44,2.68742
3,259,21.9092,30.3238,75.44,2.68742
3,260,21.8798,30.3947,75.44,2.68742
3,261,21.9288,30.3238,75.44,2.67532
3,262,21.8504,30.3238,71.76,2.68742
3,263,21.8504,30.3592,71.76,2.67532
3,264,21.8112,30.3947,71.76,2.68742
3,265,21.8798,30.3238,71.76,2.68742
3,266,21.8602,30.2529,68.08,2.68742
3,267,21.87,30.2884,68.08,2.68742
3,268,21.8602,30.2529,68.08,2.68742
3,269,21.87,30.2529,68.08,2.68742
3,270,21.8896,30.182,68.08,2.68742
3,271,21.9092,30.1111,68.08,2.69964
3,272,21.9092,30.182,68.08,2.68742
3,273,21.9288,30.1111,64.4,2.68742
3,274,21.9092,30.1111,64.4,2.68742
3,275,21.8798,30.182,64.4,2.68742
3,276,21.87,30.182,64.4,2.68742
3,277,21.8504,30.2884,64.4,2.68742
3,278,21.8112,30.4301,64.4,2.68742
3,279,21.821,30.4655,64.4,2.68742
3,280,21.8112,30.4655,60.72,2.68742
3,281,21.8112,30.5363,60.72,2.68742
3,282,21.7916,30.5363,60.72,2.68742
3,283,21.6838,30.6779,60.72,2.67532
3,284,21.6936,30.6425,60.72,2.67532
3,285,21.7132,30.6071,57.04,2.68742
3,286,21.7132,30.6425,53.36,2.68742
3,287,21.7034,30.6071,53.36,2.67532
3,288,21.7132,30.6425,57.04,2.68742
3,289,21.674,30.6071,57.04,2.67532
3,290,21.6642,30.5363,60.72,2.67532
3,291,21.6936,30.5717,57.04,2.67532
3,292,21.6936,30.5363,57.04,2.67532
3,293,21.6544,30.5363,57.04,2.68742
3,294,21.6446,30.5363,57.04,2.68742
3,295,21.5858,30.6071,57.04,2.68742
3,296,21.5956,30.5363,57.04,2.68742
3,297,21.5368,30.5363,53.36,2.67532
3,298,21.4976,30.7133,53.36,2.67532
3,299,21.5172,30.6779,53.36,2.67532
3,300,21.4976,30.6779,53.36,2.67532
3,301,21.527,30.6071,53.36,2.67532
3,302,21.5662,30.5363,50.6,2.68742
3,303,21.5564,30.5363,50.6,2.68742
3,304,21.5956,30.4655,50.6,2.67532
3,305,21.5368,30.4655,48.76,2.67532
3,306,21.5172,30.5363,48.76,2.68742
3,307,21.527,30.5009,48.76,2.67532
3,308,21.5074,30.5363,48.76,2.67532
3,309,21.4976,30.5363,48.76,2.68742
3,310,21.429,30.6071,50.6,2.67532
3,311,21.3996,30.7486,53.36,2.68742
3,312,21.3996,30.784,50.6,2.67532
3,313,21.3996,30.8547,48.76,2.67532
3,314,21.3996,30.8547,48.76,2.68742
3,315,21.4094,30.8901,46.92,2.67532
3,316,21.4094,30.8901,45.08,2.68742
3,317,21.3996,30.8194,43.24,2.67532
3,318,21.4094,30.8194,43.24,2.68742
3,319,21.3996,30.8194,41.4,2.68742
3,320,21.3996,30.8901,39.56,2.67532
3,321,21.4094,30.8194,37.72,2.67532
3,322,21.38,30.8194,37.72,2.68742
3,323,21.4094,30.8901,35.88,2.67532
3,324,21.3996,30.8547,35.88,2.68742
3,325,21.4388,30.8194,32.2,2.67532
3,326,21.4584,30.7133,28.52,2.67532
3,327,21.4192,30.784,28.52,2.67532
3,328,21.4192,30.7486,28.52,2.67532
3,329,21.3996,30.8194,28.52,2.67532
3,330,21.38,30.8194,26.68,2.68742
3,331,21.3898,30.8194,26.68,2.67532
3,332,21.3996,30.7486,26.68,2.67532
3,333,21.3702,30.784,24.84,2.68742
3,334,21.3702,30.784,24.84,2.67532
3,335,21.3506,30.8194,24.84,2.68742
3,336,21.3604,30.7486,23,2.67532
3,337,21.38,30.7486,21.16,2.67532
3,338,21.4584,30.6779,20.24,2.68742
3,339,21.478,30.7486,20.24,2.67532
3,340,21.576,30.6071,20.24,2.67532
3,341,21.5858,30.5363,19.32,2.67532
3,342,21.6054,30.6071,19.32,2.67532
3,343,21.6054,30.5363,19.32,2.67532
3,344,21.5956,30.6425,19.32,2.68742
3,345,21.5956,30.6071,19.32,2.68742
3,346,21.6054,30.5717,18.4,2.68742
3,347,21.5956,30.5363,18.4,2.67532
3,348,21.6936,30.3947,17.48,2.67532
3,349,21.6936,30.3947,17.48,2.68742
3,350,21.6936,30.3947,17.48,2.68742
3,351,21.7132,30.3592,17.48,2.67532
3,352,21.7328,30.3592,16.56,2.68742
3,353,21.723,30.3238,17.48,2.68742
3,354,21.7132,30.3238,17.48,2.68742
3,355,21.7328,30.5363,17.48,2.68742
3,356,21.7328,30.6071,16.56,2.68742
3,357,21.7132,30.6071,16.56,2.68742
3,358,21.7132,30.5363,16.56,2.68742
3,359,21.7132,30.4655,16.56,2.67532
3,360,21.723,30.3592,16.56,2.67532
3,361,21.7132,30.3238,16.56,2.68742
3,362,21.6838,30.3947,16.56,2.67532
3,363,21.6446,30.3947,16.56,2.67532
3,364,21.5956,30.4655,16.56,2.68742
3,365,21.576,30.5009,16.56,2.68742
3,366,21.5858,30.4655,17.48,2.68742
3,367,21.625,30.4301,17.48,2.68742
3,368,21.6152,30.3947,17.48,2.68742
3,369,21.6054,30.4655,17.48,2.67532
3,370,21.6054,30.3947,17.48,2.67532
3,371,21.6152,30.3947,16.56,2.67532
3,372,21.6054,30.3947,23,2.67532
3,373,21.5956,30.3947,23,2.67532
3,374,21.6054,30.3238,46.92,2.67532
3,375,21.5956,30.3238,46.92,2.67532
3,376,21.576,30.3238,45.08,2.68742
3,377,21.5564,30.4655,45.08,2.67532
3,378,21.5368,30.4655,46.92,2.68742
3,379,21.527,30.4301,46.92,2.67532
3,380,21.5368,30.5363,48.76,2.68742
3,381,21.5074,30.4655,46.92,2.68742
3,382,21.5074,30.4655,48.76,2.67532
3,383,21.4976,30.5363,48.76,2.67532
3,384,21.4682,30.5363,48.76,2.67532
3,385,21.478,30.5363,48.76,2.67532
3,386,21.4976,30.3947,48.76,2.67532
3,387,21.4976,30.3947,48.76,2.68742
3,388,21.4976,30.4301,48.76,2.67532
3,389,21.5172,30.4655,48.76,2.67532
3,390,21.5172,30.4301,48.76,2.67532
3,391,21.5172,30.3947,48.76,2.68742
3,392,21.5172,30.3947,48.76,2.67532
3,393,21.5368,30.3592,48.76,2.67532
3,394,21.5466,30.3238,48.76,2.67532
3,395,21.5466,30.2529,48.76,2.68742
3,396,21.5564,30.182,48.76,2.68742
3,397,21.5466,30.2529,48.76,2.67532
3,398,21.5368,30.5363,48.76,2.68742
3,399,21.5172,31.1727,48.76,2.67532
3,400,21.527,31.1021,48.76,2.68742
3,401,21.5172,30.9961,48.76,2.67532
3,402,21.5074,30.9608,48.76,2.67532
3,403,21.5074,30.8901,46.92,2.67532
3,404,21.4976,30.8547,46.92,2.67532
3,405,21.4878,30.8194,46.92,2.67532
3,406,21.4878,30.784,46.92,2.68742
3,407,21.478,30.7486,46.92,2.68742
3,408,21.478,30.8194,46.92,2.67532
3,409,21.478,30.6779,46.92,2.67532
3,410,21.4486,30.7486,46.92,2.68742
3,411,21.4388,30.8194,39.56,2.68742
3,412,21.4094,30.9254,39.56,2.67532
3,413,21.4192,30.6071,39.56,2.67532
3,414,21.4192,30.6779,39.56,2.67532
3,415,21.4094,30.6071,41.4,2.67532
3,416,21.4094,30.5363,39.56,2.67532
3,417,21.3898,30.5363,39.56,2.67532
3,418,21.3898,30.5363,41.4,2.67532
3,419,21.3898,30.6071,39.56,2.68742
3,420,21.4094,30.5717,41.4,2.67532
3,421,21.4094,30.5363,41.4,2.67532
3,422,21.3996,30.6071,41.4,2.67532
3,423,21.3898,30.5363,41.4,2.68742
3,424,21.38,30.4655,41.4,2.67532
3,425,21.3604,30.4655,41.4,2.67532
3,426,21.3604,30.4655,41.4,2.67532
3,427,21.3702,30.4655,41.4,2.67532
3,428,21.3506,30.5363,41.4,2.67532
3,429,21.3506,30.5363,39.56,2.68742
3,430,21.3212,30.7486,41.4,2.67532
3,431,21.3212,30.8901,41.4,2.67532
3,432,21.3016,30.9608,39.56,2.67532
3,433,21.2918,30.7486,39.56,2.67532
3,434,21.2918,30.784,41.4,2.68742
3,435,21.282,30.6779,41.4,2.67532
3,436,21.2722,30.6071,41.4,2.67532
3,437,21.2722,30.5363,41.4,2.67532
3,438,21.282,30.4655,41.4,2.67532
3,439,21.282,30.5009,41.4,2.67532
3,440,21.3114,30.3947,41.4,2.67532
3,441,21.3212,30.4301,39.56,2.67532
3,442,21.3114,30.5363,41.4,2.67532
3,443,21.3114,30.4655,41.4,2.67532
3,444,21.3016,30.4301,39.56,2.67532
3,445,21.3016,30.3947,41.4,2.68742
3,446,21.282,30.4655,41.4,2.67532
3,447,21.3016,30.3947,41.4,2.67532
3,448,21.2526,30.5363,41.4,2.67532
3,449,21.2428,30.5363,41.4,2.67532
3,450,21.2526,30.4655,41.4,2.67532
3,451,21.2624,30.3592,41.4,2.67532
3,452,21.2722,30.3947,41.4,2.67532
3,453,21.2526,30.3947,41.4,2.67532
3,454,21.2722,30.3238,41.4,2.67532
3,455,21.2624,30.3592,41.4,2.67532
3,456,21.2526,30.3238,41.4,2.67532
3,457,21.233,30.4301,41.4,2.67532
3,458,21.2134,30.4655,41.4,2.67532
3,459,21.2036,30.4655,41.4,2.67532
3,460,21.2134,30.6071,41.4,2.67532
3,461,21.2134,30.5363,41.4,2.67532
3,462,21.2036,30.6071,41.4,2.67532
3,463,21.184,30.5363,41.4,2.67532
3,464,21.1742,30.5363,41.4,2.67532
3,465,21.1644,30.5363,41.4,2.67532
3,466,21.184,30.5363,41.4,2.67532
3,467,21.2036,30.5009,41.4,2.67532
3,468,21.184,30.3238,41.4,2.67532
3,469,21.1742,30.2529,39.56,2.67532
3,470,21.184,30.3947,39.56,2.67532
3,471,21.1644,30.3238,39.56,2.67532
3,472,21.1644,30.3238,39.56,2.67532
3,473,21.1644,30.2175,39.56,2.67532
3,474,21.1644,30.3238,39.56,2.67532
3,475,21.1938,30.2884,39.56,2.67532
3,476,21.1546,30.3947,37.72,2.67532
3,477,21.1448,30.3238,39.56,2.67532
3,478,21.135,30.3238,39.56,2.67532
3,479,21.1252,30.4655,39.56,2.67532
3,480,21.1056,30.5363,39.56,2.68742
3,481,21.1056,30.5717,39.56,2.67532
3,482,21.086,30.6779,39.56,2.67532
3,483,21.086,30.5363,39.56,2.67532
3,484,21.086,30.6071,39.56,2.67532
3,485,21.0958,30.4655,39.56,2.67532
3,486,21.1056,30.3947,39.56,2.67532
3,487,21.1252,30.3947,39.56,2.67532
3,488,21.1252,30.3947,39.56,2.68742
3,489,21.135,30.2529,39.56,2.67532
3,490,21.1252,30.4655,39.56,2.66332
3,491,21.1056,30.4655,39.56,2.67532
3,492,21.1252,30.2884,39.56,2.67532
3,493,21.1056,30.3947,39.56,2.67532
3,494,21.0958,30.3947,39.56,2.67532
3,495,21.0664,30.5363,39.56,2.67532
3,496,21.0664,30.4655,41.4,2.66332
3,497,21.0762,30.5363,41.4,2.67532
3,498,21.0958,30.5363,39.56,2.67532
3,499,21.1056,30.5363,41.4,2.66332
3,500,21.1056,30.5363,39.56,2.67532
3,501,21.086,30.5363,41.4,2.68742
3,502,21.0664,30.6071,41.4,2.67532
3,503,21.0664,30.5363,39.56,2.66332
3,504,21.0468,30.5363,41.4,2.67532
3,505,21.0468,30.6071,39.56,2.67532
3,506,21.0468,30.7133,41.4,2.67532
3,507,21.0076,30.6071,39.56,2.67532
3,508,20.9978,30.5363,39.56,2.67532
3,509,21.0076,30.6071,41.4,2.67532
3,510,20.988,30.7486,41.4,2.67532
3,511,20.988,30.6779,41.4,2.67532
3,512,20.988,30.6071,41.4,2.67532
3,513,20.9782,30.6779,41.4,2.67532
3,514,20.9782,30.8194,41.4,2.67532
3,515,20.9684,30.8194,41.4,2.67532
3,516,20.9684,30.784,41.4,2.66332
3,517,20.9684,30.6779,41.4,2.67532
3,518,20.9684,30.6071,41.4,2.67532
3,519,20.9488,30.7486,41.4,2.67532
3,520,20.9488,30.7133,41.4,2.67532
3,521,20.939,30.8194,41.4,2.66332
3,522,20.9488,30.784,41.4,2.67532
3,523,20.9488,30.5363,41.4,2.67532
3,524,20.939,30.4655,41.4,2.67532
3,525,20.9292,30.5363,41.4,2.67532
3,526,20.9292,30.6071,41.4,2.67532
3,527,20.9292,30.3947,41.4,2.67532
3,528,20.9292,30.6071,39.56,2.67532
3,529,20.9292,30.5009,39.56,2.66332
3,530,20.9292,30.5363,39.56,2.67532
3,531,20.9194,30.5363,39.56,2.67532
3,532,20.9194,30.5363,39.56,2.67532
3,533,20.9096,30.3947,39.56,2.67532
3,534,20.9194,30.2884,39.56,2.66332
3,535,20.89,30.3947,39.56,2.66332
3,536,20.89,30.5363,39.56,2.67532
3,537,20.8998,30.5717,39.56,2.67532
3,538,20.89,30.5363,39.56,2.68742
3,539,20.89,30.5363,39.56,2.67532
3,540,20.89,30.6779,39.56,2.66332
3,541,20.89,30.6071,39.56,2.66332
3,542,20.89,30.5363,39.56,2.67532
3,543,20.8704,30.5363,39.56,2.67532
3,544,20.8704,30.4655,39.56,2.67532
3,545,20.8704,30.3238,39.56,2.67532
3,546,20.8508,30.3238,39.56,2.67532
3,547,20.8606,30.5009,39.56,2.67532
3,548,20.8508,30.4655,39.56,2.67532
3,549,20.8508,30.3947,39.56,2.66332
3,550,20.8606,30.5363,39.56,2.67532
3,551,20.8508,30.6071,39.56,2.67532
3,552,20.8704,30.3947,39.56,2.67532
3,553,20.8508,30.5009,39.56,2.66332
3,554,20.8508,30.2529,39.56,2.67532
3,555,20.841,30.182,39.56,2.67532
3,556,20.841,30.1111,39.56,2.67532
3,557,20.8606,30.2529,39.56,2.67532
3,558,20.841,30.3238,39.56,2.67532
3,559,20.841,30.3238,39.56,2.67532
3,560,20.841,30.1465,39.56,2.67532
3,561,20.8312,30.182,39.56,2.67532
3,562,20.8312,30.2529,39.56,2.67532
3,563,20.8312,30.1111,39.56,2.67532
3,564,20.8312,29.9691,39.56,2.66332
3,565,20.8312,29.9336,39.56,2.66332
3,566,20.8214,29.9691,39.56,2.66332
3,567,20.8312,29.8981,39.56,2.67532
3,568,20.8312,29.9336,39.56,2.67532
3,569,20.8116,30.0046,39.56,2.66332
3,570,20.8116,30.2529,39.56,2.66332
3,571,20.8018,30.1111,39.56,2.67532
3,572,20.792,30.3238,39.56,2.66332
3,573,20.792,30.4655,39.56,2.66332
3,574,20.8018,30.3238,39.56,2.65143
3,575,20.792,30.3238,39.56,2.67532
3,576,20.7822,30.3238,39.56,2.67532
3,577,20.7822,30.3238,39.56,2.67532
3,578,20.7528,30.2175,39.56,2.67532
3,579,20.7626,30.4655,39.56,2.67532
3,580,20.7528,30.5717,39.56,2.67532
3,581,20.7626,30.5363,39.56,2.67532
3,582,20.7724,30.5363,39.56,2.67532
3,583,20.7724,30.4301,39.56,2.67532
3,584,20.7626,30.4655,39.56,2.67532
3,585,20.7626,30.3238,39.56,2.67532
3,586,20.7724,30.3238,39.56,2.66332
3,587,20.7528,30.3592,39.56,2.67532
3,588,20.743,30.3947,39.56,2.67532
3,589,20.7528,30.5363,39.56,2.67532
3,590,20.7626,30.3947,39.56,2.67532
3,591,20.7626,30.3947,39.56,2.67532
3,592,20.7528,29.9691,39.56,2.67532
3,593,20.7528,30.2529,39.56,2.67532
3,594,20.743,30.3947,39.56,2.66332
3,595,20.7332,30.3238,39.56,2.67532
3,596,20.7332,30.3947,39.56,2.67532
3,597,20.7332,30.4655,39.56,2.67532
3,598,20.7332,30.4655,39.56,2.67532
3,599,20.7332,30.3947,39.56,2.66332
3,600,20.7332,30.3947,39.56,2.67532
3,601,20.7234,30.4655,39.56,2.67532
3,602,20.7332,30.3238,39.56,2.67532
3,603,20.7234,30.4301,39.56,2.67532
3,604,20.7332,30.4301,39.56,2.67532
3,605,20.7136,30.3238,39.56,2.66332
3,606,20.7136,30.4301,39.56,2.67532
3,607,20.6842,30.5009,39.56,2.67532
3,608,20.6744,30.5009,39.56,2.66332
3,609,20.6842,30.4655,39.56,2.67532
3,610,20.6842,30.5009,39.56,2.67532
3,611,20.694,30.5363,39.56,2.66332
3,612,20.694,30.5009,39.56,2.67532
3,613,20.6842,30.5363,39.56,2.66332
3,614,20.6842,30.4655,39.56,2.66332
3,615,20.6842,30.3947,39.56,2.66332
3,616,20.694,30.4655,39.56,2.66332
3,617,20.6842,30.2884,39.56,2.66332
3,618,20.6646,30.5363,39.56,2.67532
3,619,20.6646,30.3592,39.56,2.66332
3,620,20.6646,30.3947,39.56,2.66332
3,621,20.6744,30.3592,39.56,2.66332
3,622,20.6646,30.5363,39.56,2.67532
3,623,20.6744,30.5009,39.56,2.66332
3,624,20.6646,30.5009,39.56,2.65143
3,625,20.6646,30.5363,39.56,2.66332
3,626,20.6156,30.4655,39.56,2.67532
3,627,20.6058,30.5363,39.56,2.67532
3,628,20.6058,30.182,39.56,2.67532
3,629,20.6156,30.3238,39.56,2.66332
3,630,20.6058,30.4655,39.56,2.66332
3,631,20.6156,30.3947,39.56,2.67532
3,632,20.6058,30.4655,39.56,2.66332
3,633,20.6254,30.5717,39.56,2.66332
3,634,20.6254,30.6071,39.56,2.66332
3,635,20.6352,30.5363,39.56,2.67532
3,636,20.645,30.5009,39.56,2.67532
3,637,20.6352,30.5363,39.56,2.66332
3,638,20.6254,30.4655,39.56,2.66332
3,639,20.6254,30.4655,39.56,2.67532
3,640,20.6352,30.4655,39.56,2.67532
3,641,20.6352,30.4655,39.56,2.66332
3,642,20.6352,30.4655,39.56,2.67532
3,643,20.6254,30.3238,39.56,2.67532
3,644,20.6352,30.3947,39.56,2.66332
3,645,20.6352,30.4301,39.56,2.66332
3,646,20.6156,30.2529,39.56,2.66332
3,647,20.6156,30.3947,39.56,2.66332
3,648,20.6156,30.3592,39.56,2.66332
3,649,20.6254,30.3947,39.56,2.67532
3,650,20.6156,30.3238,39.56,2.67532
3,651,20.6156,30.3592,39.56,2.66332
3,652,20.6058,30.3238,39.56,2.66332
3,653,20.596,30.3238,39.56,2.66332
3,654,20.6156,30.3947,39.56,2.67532
3,655,20.596,30.2884,39.56,2.66332
3,656,20.5862,30.2529,39.56,2.67532
3,657,20.596,30.2529,39.56,2.65143
3,658,20.596,30.3238,39.56,2.67532
3,659,20.596,30.3238,39.56,2.66332
3,660,20.5862,30.3947,37.72,2.66332
3,661,20.5764,30.3947,39.56,2.67532
3,662,20.5764,30.2529,39.56,2.66332
3,663,20.5568,30.182,39.56,2.66332
3,664,20.547,30.182,39.56,2.66332
3,665,20.5372,30.0401,39.56,2.66332
3,666,20.5372,30.3947,39.56,2.66332
3,667,20.5372,30.3947,39.56,2.67532
3,668,20.5372,30.3947,39.56,2.66332
3,669,20.5372,30.3592,39.56,2.66332
3,670,20.5372,30.3238,39.56,2.66332
3,671,20.5274,30.3947,39.56,2.67532
3,672,20.5176,30.3592,39.56,2.67532
3,673,20.5274,30.3592,39.56,2.66332
3,674,20.5372,30.4655,39.56,2.66332
3,675,20.5176,30.3238,39.56,2.67532
3,676,20.5176,30.3238,39.56,2.66332
3,677,20.5176,30.3238,39.56,2.66332
3,678,20.5274,30.3238,39.56,2.66332
3,679,20.5176,30.3238,39.56,2.66332
3,680,20.5078,30.2529,39.56,2.66332
3,681,20.5176,30.3238,39.56,2.65143
3,682,20.5078,30.2529,39.56,2.67532
3,683,20.5078,30.3947,39.56,2.67532
3,684,20.5176,30.3947,39.56,2.66332
3,685,20.5078,30.2529,39.56,2.66332
3,686,20.5078,30.2529,39.56,2.66332
3,687,20.498,30.3238,39.56,2.66332
3,688,20.4882,30.2529,39.56,2.67532
3,689,20.498,30.2884,39.56,2.66332
3,690,20.4882,30.3238,39.56,2.66332
3,691,20.498,30.2529,39.56,2.66332
3,692,20.4882,30.2884,39.56,2.66332
3,693,20.4784,30.2884,39.56,2.66332
3,694,20.4882,30.3238,39.56,2.66332
3,695,20.4784,30.3238,39.56,2.66332
3,696,20.4784,30.2529,39.56,2.67532
3,697,20.4784,30.2529,39.56,2.67532
3,698,20.4588,30.2529,39.56,2.66332
3,699,20.4686,30.3238,39.56,2.66332
3,700,20.4588,30.2884,39.56,2.67532
3,701,20.449,30.3238,39.56,2.65143
3,702,20.449,30.2529,39.56,2.67532
3,703,20.449,30.3238,39.56,2.66332
3,704,20.449,30.3238,39.56,2.66332
3,705,20.4588,30.2529,39.56,2.66332
3,706,20.4294,30.3238,39.56,2.66332
3,707,20.4196,30.2884,39.56,2.65143
3,708,20.4098,30.2884,39.56,2.66332
3,709,20.4196,30.3238,39.56,2.65143
3,710,20.4196,30.3592,39.56,2.66332
3,711,20.4196,30.3592,39.56,2.67532
3,712,20.4,30.3592,39.56,2.66332
3,713,20.4098,30.3238,39.56,2.66332
3,714,20.4,30.3238,39.56,2.65143
3,715,20.4098,30.3238,39.56,2.67532
3,716,20.4,30.2884,39.56,2.66332
3,717,20.4,30.2529,39.56,2.66332
3,718,20.4,30.3592,39.56,2.66332
3,719,20.4098,30.3592,39.56,2.66332
3,720,20.4,30.2529,39.56,2.65143
3,721,20.4,30.3947,39.56,2.66332
3,722,20.4,30.2529,39.56,2.66332
3,723,20.4,30.2529,39.56,2.66332
3,724,20.4,30.2175,39.56,2.66332
3,725,20.3804,30.2529,39.56,2.66332
3,726,20.3804,30.2529,39.56,2.66332
3,727,20.3902,30.2884,39.56,2.66332
3,728,20.3804,30.3238,39.56,2.66332
3,729,20.3706,30.3238,39.56,2.66332
3,730,20.3706,30.3238,39.56,2.65143
3,731,20.3706,30.2884,39.56,2.66332
3,732,20.3608,30.3238,39.56,2.66332
3,733,20.3706,30.182,39.56,2.65143
3,734,20.3608,30.2529,39.56,2.66332
3,735,20.3412,30.182,39.56,2.65143
3,736,20.3412,30.182,39.56,2.66332
3,737,20.3412,30.2884,39.56,2.66332
3,738,20.3412,30.3592,39.56,2.66332
3,739,20.3412,30.3238,39.56,2.66332
3,740,20.3314,30.3238,39.56,2.65143
3,741,20.3216,30.182,39.56,2.65143
3,742,20.3216,30.2529,39.56,2.66332
3,743,20.3216,30.2529,39.56,2.65143
3,744,20.3118,30.2529,39.56,2.66332
3,745,20.3118,30.182,39.56,2.66332
3,746,20.302,30.182,39.56,2.65143
3,747,20.3118,30.2529,39.56,2.66332
3,748,20.302,30.3238,39.56,2.65143
3,749,20.3118,30.2529,39.56,2.65143
3,750,20.2922,30.3238,39.56,2.66332
3,751,20.2824,30.1465,39.56,2.65143
3,752,20.2726,30.2175,39.56,2.66332
3,753,20.2628,30.182,39.56,2.65143
3,754,20.2726,30.1111,39.56,2.66332
3,755,20.2628,30.2529,39.56,2.66332
3,756,20.2628,30.182,39.56,2.66332
3,757,20.2628,30.1465,39.56,2.66332
3,758,20.253,30.1465,39.56,2.66332
3,759,20.2628,30.1111,39.56,2.66332
3,760,20.2432,30.1111,39.56,2.66332
3,761,20.2432,30.0756,39.56,2.65143
3,762,20.253,30.2175,39.56,2.66332
3,763,20.2432,30.1111,39.56,2.66332
3,764,20.2334,30.0756,39.56,2.66332
3,765,20.2432,30.1111,39.56,2.66332
3,766,20.2236,30.182,39.56,2.66332
3,767,20.2236,30.182,39.56,2.66332
3,768,20.2236,30.182,39.56,2.66332
3,769,20.204,30.2175,39.56,2.66332
3,770,20.204,30.3238,39.56,2.66332
3,771,20.1844,30.2529,39.56,2.66332
3,772,20.1844,30.2529,41.4,2.66332
3,773,20.1844,30.2175,41.4,2.66332
3,774,20.1844,30.2529,41.4,2.65143
3,775,20.1844,30.2529,41.4,2.65143
3,776,20.1746,30.2529,41.4,2.66332
3,777,20.1844,30.2884,41.4,2.65143
3,778,20.1844,30.2884,41.4,2.65143
3,779,20.1844,30.1465,41.4,2.65143
3,780,20.1844,30.182,41.4,2.65143
3,781,20.1648,30.2529,41.4,2.65143
3,782,20.1844,30.182,41.4,2.67532
3,783,20.1746,30.182,41.4,2.65143
3,784,20.1648,30.1111,41.4,2.66332
3,785,20.1746,30.182,41.4,2.65143
3,786,20.1746,30.0756,41.4,2.66332
3,787,20.1844,30.1465,41.4,2.66332
3,788,20.1746,30.2529,41.4,2.65143
3,789,20.1844,30.182,41.4,2.66332
3,790,20.1746,30.2175,41.4,2.66332
3,791,20.1648,30.1111,41.4,2.65143
3,792,20.1648,30.182,41.4,2.65143
3,793,20.1452,30.2175,41.4,2.66332
3,794,20.1452,30.182,41.4,2.66332
3,795,20.1354,30.1111,39.56,2.65143
3,796,20.1354,30.2529,41.4,2.65143
3,797,20.1256,30.182,41.4,2.65143
3,798,20.1354,30.182,41.4,2.65143
3,799,20.1256,30.182,41.4,2.65143
3,800,20.1256,30.182,41.4,2.66332
3,801,20.1256,30.2529,41.4,2.66332
3,802,20.1256,30.1465,41.4,2.65143
3,803,20.106,30.182,41.4,2.65143
3,804,20.1256,30.182,41.4,2.65143
3,805,20.1256,30.1465,41.4,2.65143
3,806,20.1256,30.182,41.4,2.66332
3,807,20.1256,30.182,41.4,2.66332
3,808,20.1256,30.3238,41.4,2.65143
3,809,20.1256,30.2529,41.4,2.65143
3,810,20.1256,30.2884,41.4,2.65143
3,811,20.1256,30.2175,41.4,2.65143
3,812,20.1158,30.3238,41.4,2.65143
3,813,20.106,30.0756,41.4,2.65143
3,814,20.1158,30.182,41.4,2.66332
3,815,20.106,30.1465,41.4,2.66332
3,816,20.106,30.182,41.4,2.66332
3,817,20.0962,30.182,41.4,2.65143
3,818,20.0864,30.2529,41.4,2.65143
3,819,20.0864,30.0756,41.4,2.65143
3,820,20.106,30.182,41.4,2.65143
3,821,20.0962,30.1111,41.4,2.65143
3,822,20.1158,30.182,41.4,2.65143
3,823,20.0962,30.1111,41.4,2.65143
3,824,20.0962,30.1111,41.4,2.65143
3,825,20.0864,30.0401,41.4,2.65143
3,826,20.0668,30.1111,41.4,2.65143
3,827,20.0766,30.182,41.4,2.65143
3,828,20.0668,30.0756,41.4,2.65143
3,829,20.0766,30.0401,41.4,2.65143
3,830,20.0766,30.1111,41.4,2.66332
3,831,20.0864,30.1111,41.4,2.65143
3,832,20.0864,30.1111,41.4,2.65143
3,833,20.0766,29.9336,41.4,2.65143
3,834,20.0668,29.9691,41.4,2.65143
3,835,20.0668,29.9691,41.4,2.65143
3,836,20.0766,29.9691,41.4,2.66332
3,837,20.057,29.9691,41.4,2.65143
3,838,20.0668,30.0401,41.4,2.65143
3,839,20.057,30.1111,41.4,2.65143
3,840,20.0668,29.9691,41.4,2.65143
3,841,20.0472,29.9691,41.4,2.65143
3,842,20.057,30.0401,41.4,2.65143
3,843,20.0472,30.0401,41.4,2.65143
3,844,20.0374,29.9691,41.4,2.65143
3,845,20.0472,29.9691,41.4,2.65143
3,846,20.0276,29.9691,39.56,2.66332
3,847,20.0276,30.1111,39.56,2.63964
3,848,20.0472,30.0401,39.56,2.65143
3,849,20.0374,30.0401,39.56,2.65143
3,850,20.0276,30.0401,39.56,2.65143
3,851,20.0276,29.9691,39.56,2.65143
3,852,20.0276,29.9691,39.56,2.65143
3,853,20.008,29.9691,39.56,2.65143
3,854,20.008,30.0401,39.56,2.65143
3,855,20.008,30.0401,39.56,2.65143
3,856,20.008,29.9691,39.56,2.65143
3,857,20.008,30.0401,39.56,2.66332
3,858,19.9982,30.0046,39.56,2.66332
3,859,19.9884,29.9691,39.56,2.66332
3,860,19.9982,29.9691,39.56,2.65143
3,861,19.9884,29.9691,39.56,2.65143
3,862,19.9884,29.9691,39.56,2.65143
3,863,19.9884,29.9691,39.56,2.65143
3,864,19.9884,30.0401,39.56,2.65143
3,865,19.9884,30.0046,39.56,2.65143
3,866,19.9884,30.0401,39.56,2.66332
3,867,19.9884,30.0401,39.56,2.67532
3,868,19.9884,30.0401,39.56,2.66332
3,869,19.9884,30.0046,39.56,2.65143
3,870,19.9786,30.0401,39.56,2.65143
3,871,19.9786,30.0401,39.56,2.65143
3,872,19.9786,29.9691,39.56,2.66332
3,873,19.9884,29.9691,39.56,2.65143
3,874,19.9786,30.0046,39.56,2.65143
3,875,19.9786,30.0756,39.56,2.65143
3,876,19.9786,30.0401,39.56,2.66332
3,877,19.9884,30.0401,39.56,2.65143
3,878,19.9688,30.0401,39.56,2.65143
3,879,19.9688,29.9691,39.56,2.65143
3,880,19.9688,30.0046,39.56,2.65143
3,881,19.9688,29.9691,39.56,2.65143
3,882,19.9688,30.0401,39.56,2.65143
3,883,19.959,29.9691,39.56,2.65143
3,884,19.9492,30.0401,39.56,2.65143
3,885,19.959,30.0046,39.56,2.65143
3,886,19.959,30.0046,39.56,2.65143
3,887,19.9492,30.0401,39.56,2.65143
3,888,19.9492,29.9691,39.56,2.65143
3,889,19.9492,29.9336,39.56,2.65143
3,890,19.9296,29.8981,39.56,2.65143
3,891,19.9492,29.9691,39.56,2.65143
3,892,19.9296,29.9691,39.56,2.65143
3,893,19.9296,29.9691,39.56,2.65143
3,894,19.9198,29.9336,39.56,2.65143
3,895,19.9198,29.9691,39.56,2.65143
3,896,19.9296,30.0401,39.56,2.65143
3,897,19.91,30.0401,39.56,2.65143
3,898,19.91,30.0046,39.56,2.65143
3,899,19.91,30.0046,39.56,2.65143
3,900,19.91,30.1111,39.56,2.65143
3,901,19.9002,30.0401,39.56,2.65143
3,902,19.8904,30.0401,39.56,2.65143
3,903,19.8904,30.0401,39.56,2.65143
3,904,19.8904,30.1111,39.56,2.65143
3,905,19.8904,30.0401,39.56,2.65143
3,906,19.9002,30.0401,39.56,2.65143
3,907,19.8904,30.0401,39.56,2.65143
3,908,19.8904,29.9691,39.56,2.65143
3,909,19.8708,30.0046,39.56,2.65143
3,910,19.8904,29.9691,39.56,2.65143
3,911,19.8708,29.9691,39.56,2.65143
3,912,19.8806,29.9691,39.56,2.65143
3,913,19.8904,29.9691,39.56,2.65143
3,914,19.8806,29.9691,39.56,2.65143
3,915,19.8708,29.9691,39.56,2.65143
3,916,19.8708,30.0046,39.56,2.65143
3,917,19.8708,29.9691,39.56,2.65143
3,918,19.8806,29.8981,39.56,2.65143
3,919,19.8708,29.9691,39.56,2.65143
3,920,19.8806,29.9691,39.56,2.65143
3,921,19.8512,30.0401,39.56,2.65143
3,922,19.861,29.9691,39.56,2.65143
3,923,19.8512,29.9691,39.56,2.65143
3,924,19.8512,30.0401,39.56,2.65143
3,925,19.8414,30.0401,39.56,2.65143
3,926,19.8316,29.9691,39.56,2.65143
3,927,19.8512,30.0756,39.56,2.65143
3,928,19.8414,29.9691,39.56,2.65143
3,929,19.8414,30.0401,39.56,2.65143
3,930,19.8414,29.8981,39.56,2.65143
3,931,19.8414,29.9691,39.56,2.65143
3,932,19.8218,29.9691,39.56,2.65143
3,933,19.8316,30.0046,39.56,2.65143
3,934,19.8316,29.9691,39.56,2.65143
3,935,19.8218,29.9691,39.56,2.65143
3,936,19.8218,30.0401,39.56,2.65143
3,937,19.8414,30.0046,39.56,2.65143
3,938,19.8316,30.0046,39.56,2.65143
3,939,19.8218,29.9691,39.56,2.65143
3,940,19.8218,29.9691,39.56,2.65143
3,941,19.8316,29.9691,39.56,2.65143
3,942,19.8316,29.9691,39.56,2.65143
3,943,19.812,30.0046,39.56,2.65143
3,944,19.8022,30.0756,39.56,2.65143
3,945,19.8022,30.0046,39.56,2.65143
3,946,19.8022,30.0401,39.56,2.65143
3,947,19.812,30.0046,39.56,2.65143
3,948,19.812,29.9691,39.56,2.65143
3,949,19.8022,29.8626,39.56,2.65143
3,950,19.8022,29.8626,39.56,2.65143
3,951,19.7924,29.9336,39.56,2.65143
3,952,19.8022,29.8626,39.56,2.65143
3,953,19.8022,29.8981,39.56,2.65143
3,954,19.7826,29.8271,39.56,2.65143
3,955,19.7924,29.8271,41.4,2.65143
3,956,19.7924,29.7561,41.4,2.65143
3,957,19.7826,29.7916,41.4,2.65143
3,958,19.7924,29.8981,41.4,2.65143
3,959,19.7924,29.8271,39.56,2.65143
3,960,19.7924,29.7205,39.56,2.65143
3,961,19.7924,29.9691,39.56,2.65143
3,962,19.7924,29.7561,39.56,2.65143
3,963,19.7826,29.8271,41.4,2.65143
3,964,19.7924,29.8271,39.56,2.65143
3,965,19.7924,29.7561,39.56,2.65143
3,966,19.7826,29.8271,39.56,2.65143
3,967,19.7924,29.8271,39.56,2.65143
3,968,19.7826,29.7561,2.3,2.65143
3,969,19.7728,29.8981,2.3,2.65143
3,970,19.763,29.8271,2.3,2.65143
3,971,19.7728,29.8981,2.3,2.65143
3,972,19.763,29.685,2.3,2.65143
3,973,19.7532,29.8981,2.3,2.65143
3,974,19.7336,29.8981,2.3,2.65143
3,975,19.7238,29.8981,2.3,2.65143
3,976,19.714,29.9336,2.3,2.65143
3,977,19.714,29.8981,2.3,2.65143
3,978,19.7042,29.9336,2.3,2.65143
3,979,19.714,29.9691,2.3,2.65143
3,980,19.6944,29.8981,2.3,2.66332
3,981,19.6944,29.9336,2.3,2.65143
3,982,19.6846,29.8981,2.3,2.65143
3,983,19.6748,29.9336,2.3,2.65143
3,984,19.6748,29.8626,2.3,2.65143
3,985,19.6748,29.8981,2.3,2.65143
3,986,19.665,29.8626,2.3,2.65143
3,987,19.6552,29.8981,2.3,2.65143
3,988,19.6552,29.8981,2.3,2.65143
3,989,19.6454,29.9691,2.3,2.65143
3,990,19.6454,29.8981,2.3,2.65143
3,991,19.6356,29.8626,2.3,2.65143
3,992,19.6356,29.8626,2.3,2.65143
3,993,19.616,29.8626,2.3,2.65143
3,994,19.616,29.8981,2.3,2.65143
3,995,19.616,29.8981,2.3,2.65143
3,996,19.5866,29.8626,2.3,2.65143
3,997,19.5964,29.8981,2.3,2.65143
3,998,19.5768,29.8981,2.3,2.65143
3,999,19.5572,29.8981,2.3,2.65143
3,1000,19.567,29.8626,2.3,2.65143
3,1001,19.5572,29.9336,2.3,2.65143
3,1002,19.5376,29.8626,2.3,2.65143
3,1003,19.5376,29.8271,2.3,2.65143
3,1004,19.518,29.8271,2.3,2.65143
3,1005,19.518,29.8271,2.3,2.65143
3,1006,19.518,29.8271,2.3,2.65143
3,1007,19.5082,29.8271,2.3,2.65143
3,1008,19.5082,29.8626,1.38,2.65143
3,1009,19.4984,29.8271,1.38,2.65143
3,1010,19.4984,29.8271,1.38,2.65143
3,1011,19.4886,29.8271,1.38,2.65143
3,1012,19.4788,29.8271,1.38,2.63964
3,1013,19.469,29.8271,1.38,2.65143
3,1014,19.4494,29.8626,1.38,2.65143
3,1015,19.4396,29.8271,1.38,2.65143
3,1016,19.4494,29.8271,1.38,2.65143
3,1017,19.4396,29.8626,1.38,2.65143
3,1018,19.4396,29.8271,1.38,2.65143
3,1019,19.42,29.8271,1.38,2.65143
3,1020,19.42,29.8271,1.38,2.65143
3,1021,19.4004,29.7561,1.38,2.65143
3,1022,19.4004,29.8271,1.38,2.65143
3,1023,19.4004,29.8271,1.38,2.65143
3,1024,19.4004,29.8271,1.38,2.65143
