3.5,1,19.4004,29.7916,1.38,2.65143
3.5,2,19.3808,29.8271,1.38,2.65143
3.5,3,19.3808,29.7561,1.38,2.65143
3.5,4,19.3808,29.8271,1.38,2.65143
3.5,5,19.3612,29.8271,1.38,2.65143
3.5,6,19.371,29.7916,1.38,2.65143
3.5,7,19.3514,29.7916,1.38,2.65143
3.5,8,19.3514,29.8271,1.38,2.65143
3.5,9,19.3416,29.8271,1.38,2.65143
3.5,10,19.3416,29.8271,1.38,2.65143
3.5,11,19.3612,29.8271,1.38,2.65143
3.5,12,19.3416,29.8271,1.38,2.65143
3.5,13,19.3416,29.7916,1.38,2.65143
3.5,14,19.3416,29.8271,1.38,2.65143
3.5,15,19.3318,29.7561,1.38,2.65143
3.5,16,19.3122,29.7561,1.38,2.65143
3.5,17,19.3122,29.7205,1.38,2.65143
3.5,18,19.3122,29.7561,1.38,2.65143
3.5,19,19.3024,29.7205,1.38,2.65143
3.5,20,19.3024,29.7916,1.38,2.63964
3.5,21,19.3024,29.7916,1.38,2.65143
3.5,22,19.2926,29.7561,1.38,2.65143
3.5,23,19.2828,29.8271,1.38,2.65143
3.5,24,19.2926,29.7916,1.38,2.65143
3.5,25,19.2828,29.8271,1.38,2.65143
3.5,26,19.2828,29.7916,1.38,2.65143
3.5,27,19.2632,29.8626,1.38,2.65143
3.5,28,19.2632,29.7916,1.38,2.65143
3.5,29,19.2632,29.8271,1.38,2.65143
3.5,30,19.2436,29.7561,1.38,2.65143
3.5,31,19.2436,29.7561,1.38,2.63964
3.5,32,19.2436,29.7561,1.38,2.65143
3.5,33,19.2436,29.7916,1.38,2.63964
3.5,34,19.224,29.7205,1.38,2.65143
3.5,35,19.224,29.7561,1.38,2.65143
3.5,36,19.224,29.7561,1.38,2.65143
3.5,37,19.224,29.7561,1.38,2.65143
3.5,38,19.224,29.7205,1.38,2.63964
3.5,39,19.2044,29.7561,1.38,2.63964
3.5,40,19.2044,29.7205,1.38,2.63964
3.5,41,19.1946,29.7561,1.38,2.65143
3.5,42,19.2044,29.7561,1.38,2.65143
3.5,43,19.1946,29.685,1.38,2.65143
3.5,44,19.1946,29.7561,1.38,2.65143
3.5,45,19.1848,29.7561,1.38,2.65143
3.5,46,19.1652,29.7561,1.38,2.65143
3.5,47,19.1652,29.685,1.38,2.65143
3.5,48,19.1652,29.685,1.38,2.65143
3.5,49,19.1652,29.685,1.38,2.65143
3.5,50,19.1652,29.7205,1.38,2.65143
3.5,51,19.1554,29.7561,1.38,2.65143
3.5,52,19.1554,29.685,1.38,2.63964
3.5,53,19.1456,29.6495,1.38,2.65143
3.5,54,19.1162,29.7205,1.38,2.65143
3.5,55,19.126,29.685,1.38,2.65143
3.5,56,19.1162,29.7205,1.38,2.65143
3.5,57,19.126,29.7561,1.38,2.65143
3.5,58,19.1064,29.7205,1.38,2.65143
3.5,59,19.1162,29.685,1.38,2.65143
3.5,60,19.1064,29.685,1.38,2.65143
3.5,61,19.1064,29.685,1.38,2.65143
3.5,62,19.1064,29.7205,1.38,2.65143
3.5,63,19.0868,29.6495,1.38,2.63964
3.5,64,19.077,29.685,1.38,2.63964
3.5,65,19.0672,29.6139,1.38,2.65143
3.5,66,19.0672,29.6495,1.38,2.63964
3.5,67,19.0672,29.5784,1.38,2.65143
3.5,68,19.0574,29.685,1.38,2.63964
3.5,69,19.0574,29.6139,1.38,2.65143
3.5,70,19.0574,29.685,1.38,2.65143
3.5,71,19.0476,29.6495,1.38,2.65143
3.5,72,19.0476,29.685,1.38,2.65143
3.5,73,19.0378,29.6139,1.38,2.65143
3.5,74,19.0476,29.6139,1.38,2.65143
3.5,75,19.0378,29.6139,1.38,2.65143
3.5,76,19.028,29.6139,1.38,2.63964
3.5,77,19.028,29.6495,1.38,2.65143
3.5,78,19.0182,29.685,1.38,2.65143
3.5,79,19.0182,29.685,1.38,2.63964
3.5,80,19.0182,29.685,1.38,2.65143
3.5,81,19.0084,29.6495,1.38,2.65143
3.5,82,19.0084,29.6495,1.38,2.65143
3.5,83,19.0182,29.6495,1.38,2.65143
3.5,84,19.0084,29.6495,1.38,2.65143
3.5,85,19.0084,29.6139,1.38,2.65143
3.5,86,19.0084,29.6139,1.38,2.65143
3.5,87,18.9986,29.685,1.38,2.65143
3.5,88,18.9986,29.6139,1.38,2.65143
3.5,89,19.0084,29.685,1.38,2.65143
3.5,90,18.9986,29.6139,1.38,2.65143
3.5,91,18.9986,29.6139,1.38,2.65143
3.5,92,18.979,29.6139,1.38,2.65143
3.5,93,18.9692,29.5784,1.38,2.65143
3.5,94,18.9594,29.6139,1.38,2.65143
3.5,95,18.9594,29.6139,1.38,2.63964
3.5,96,18.9496,29.5784,1.38,2.65143
3.5,97,18.9496,29.6139,1.38,2.63964
3.5,98,18.9398,29.6495,1.38,2.65143
3.5,99,18.9398,29.685,1.38,2.65143
3.5,100,18.9398,29.6495,1.38,2.63964
3.5,101,18.9496,29.6139,1.38,2.65143
3.5,102,18.9398,29.6139,1.38,2.63964
3.5,103,18.9398,29.6139,1.38,2.65143
3.5,104,18.9398,29.6139,1.38,2.65143
3.5,105,18.9398,29.5428,1.38,2.65143
3.5,106,18.93,29.6139,1.38,2.63964
3.5,107,18.93,29.6139,1.38,2.65143
3.5,108,18.93,29.6139,1.38,2.63964
3.5,109,18.93,29.6495,1.38,2.65143
3.5,110,18.93,29.5428,1.38,2.65143
3.5,111,18.9202,29.5784,1.38,2.65143
3.5,112,18.9104,29.6139,1.38,2.65143
3.5,113,18.9104,29.6139,1.38,2.65143
3.5,114,18.9104,29.5428,1.38,2.65143
3.5,115,18.9006,29.5784,1.38,2.63964
3.5,116,18.8908,29.6139,1.38,2.63964
3.5,117,18.8908,29.5428,1.38,2.65143
3.5,118,18.881,29.5428,1.38,2.65143
3.5,119,18.8516,29.6495,1.38,2.65143
3.5,120,18.8516,29.6139,1.38,2.63964
3.5,121,18.8516,29.6139,1.38,2.63964
3.5,122,18.8516,29.5428,1.38,2.63964
3.5,123,18.8516,29.6139,1.38,2.65143
3.5,124,18.8516,29.5428,1.38,2.65143
3.5,125,18.8516,29.5428,1.38,2.63964
3.5,126,18.8516,29.6139,1.38,2.63964
3.5,127,18.832,29.5428,1.38,2.63964
3.5,128,18.8222,29.5428,1.38,2.65143
3.5,129,18.832,29.6139,1.38,2.65143
3.5,130,18.832,29.685,1.38,2.63964
3.5,131,18.7928,29.6139,1.38,2.63964
3.5,132,18.7928,29.6139,1.38,2.63964
3.5,133,18.7928,29.6139,1.38,2.65143
3.5,134,18.783,29.5428,1.38,2.63964
3.5,135,18.783,29.6139,1.38,2.65143
3.5,136,18.7732,29.6139,1.38,2.65143
3.5,137,18.7536,29.5784,1.38,2.65143
3.5,138,18.7536,29.6139,1.38,2.65143
3.5,139,18.7438,29.6495,1.38,2.63964
3.5,140,18.7242,29.6495,1.38,2.63964
3.5,141,18.7046,29.7205,1.38,2.63964
3.5,142,18.6948,29.5784,1.38,2.65143
3.5,143,18.7046,29.685,1.38,2.63964
3.5,144,18.7046,29.685,1.38,2.63964
3.5,145,18.7046,29.685,1.38,2.63964
3.5,146,18.6948,29.6495,1.38,2.63964
3.5,147,18.685,29.685,1.38,2.63964
3.5,148,18.6752,29.685,1.38,2.65143
3.5,149,18.6948,29.685,1.38,2.63964
3.5,150,18.6752,29.685,1.38,2.63964
3.5,151,18.685,29.7205,1.38,2.63964
3.5,152,18.6752,29.6139,1.38,2.63964
3.5,153,18.685,29.685,1.38,2.65143
3.5,154,18.6752,29.6139,1.38,2.65143
3.5,155,18.6654,29.6139,1.38,2.63964
3.5,156,18.6556,29.685,1.38,2.63964
3.5,157,18.6556,29.6495,1.38,2.65143
3.5,158,18.6556,29.6139,1.38,2.65143
3.5,159,18.6654,29.6139,1.38,2.63964
3.5,160,18.6654,29.685,1.38,2.65143
3.5,161,18.6556,29.6139,1.38,2.63964
3.5,162,18.6458,29.6495,1.38,2.63964
3.5,163,18.636,29.6139,1.38,2.63964
3.5,164,18.636,29.685,1.38,2.63964
3.5,165,18.636,29.7561,1.38,2.63964
3.5,166,18.6164,29.685,1.38,2.63964
3.5,167,18.6164,29.685,1.38,2.63964
3.5,168,18.5968,29.685,1.38,2.65143
3.5,169,18.6066,29.685,1.38,2.65143
3.5,170,18.5968,29.6495,1.38,2.63964
3.5,171,18.5772,29.7561,1.38,2.63964
3.5,172,18.5772,29.7561,1.38,2.65143
3.5,173,18.587,29.685,1.38,2.63964
3.5,174,18.5968,29.7205,1.38,2.63964
3.5,175,18.587,29.685,1.38,2.63964
3.5,176,18.587,29.685,1.38,2.63964
3.5,177,18.587,29.685,1.38,2.63964
3.5,178,18.5968,29.685,1.38,2.63964
3.5,179,18.587,29.6139,1.38,2.63964
3.5,180,18.587,29.685,1.38,2.63964
3.5,181,18.5772,29.6139,1.38,2.63964
3.5,182,18.5772,29.6495,1.38,2.63964
3.5,183,18.5772,29.6139,1.38,2.63964
3.5,184,18.5674,29.6495,1.38,2.65143
3.5,185,18.5674,29.6139,1.38,2.63964
3.5,186,18.5576,29.6139,1.38,2.63964
3.5,187,18.5772,29.685,1.38,2.63964
3.5,188,18.5674,29.685,1.38,2.63964
3.5,189,18.5576,29.6139,1.38,2.63964
3.5,190,18.5478,29.685,1.38,2.65143
3.5,191,18.5184,29.7205,1.38,2.63964
3.5,192,18.5184,29.7561,1.38,2.63964
3.5,193,18.4988,29.7205,1.38,2.63964
3.5,194,18.4792,29.7561,1.38,2.65143
3.5,195,18.4988,29.7561,1.38,2.63964
3.5,196,18.4988,29.685,1.38,2.63964
3.5,197,18.489,29.685,1.38,2.65143
3.5,198,18.489,29.7205,1.38,2.65143
3.5,199,18.4792,29.7561,1.38,2.63964
3.5,200,18.4694,29.7561,1.38,2.65143
3.5,201,18.4694,29.8271,1.38,2.63964
3.5,202,18.4792,29.7561,1.38,2.63964
3.5,203,18.4694,29.7916,1.38,2.63964
3.5,204,18.4792,29.685,1.38,2.63964
3.5,205,18.4694,29.7561,1.38,2.63964
3.5,206,18.4792,29.7561,1.38,2.63964
3.5,207,18.4792,29.7561,1.38,2.63964
3.5,208,18.4792,29.685,1.38,2.63964
3.5,209,18.4596,29.7205,1.38,2.63964
3.5,210,18.4596,29.7916,1.38,2.63964
3.5,211,18.4498,29.8271,1.38,2.63964
3.5,212,18.4498,29.685,1.38,2.63964
3.5,213,18.44,29.7561,1.38,2.63964
3.5,214,18.4498,29.7561,1.38,2.63964
3.5,215,18.4596,29.7561,1.38,2.63964
3.5,216,18.4498,29.7561,1.38,2.65143
3.5,217,18.4694,29.7205,1.38,2.63964
3.5,218,18.4596,29.7561,1.38,2.63964
3.5,219,18.4694,29.7561,1.38,2.63964
3.5,220,18.4596,29.7916,1.38,2.63964
3.5,221,18.4498,29.685,1.38,2.63964
3.5,222,18.44,29.7561,1.38,2.63964
3.5,223,18.4106,29.7561,1.38,2.63964
3.5,224,18.4106,29.8271,1.38,2.63964
3.5,225,18.4008,29.8271,1.38,2.63964
3.5,226,18.4008,29.8271,1.38,2.63964
3.5,227,18.391,29.8271,1.38,2.63964
3.5,228,18.391,29.8626,1.38,2.63964
3.5,229,18.3812,29.9691,1.38,2.63964
3.5,230,18.4008,29.8271,1.38,2.63964
3.5,231,18.4008,29.7561,1.38,2.63964
3.5,232,18.4008,29.8271,1.38,2.63964
3.5,233,18.391,29.8271,1.38,2.63964
3.5,234,18.3812,29.7561,1.38,2.63964
3.5,235,18.3812,29.7916,1.38,2.63964
3.5,236,18.3812,29.8271,1.38,2.63964
3.5,237,18.3714,29.8981,1.38,2.63964
3.5,238,18.3616,29.8981,1.38,2.63964
3.5,239,18.3616,29.8981,1.38,2.63964
3.5,240,18.3616,29.8981,1.38,2.63964
3.5,241,18.3616,29.8981,1.38,2.63964
3.5,242,18.3714,29.8981,1.38,2.62796
3.5,243,18.3616,29.8271,1.38,2.63964
3.5,244,18.3616,29.7916,1.38,2.63964
3.5,245,18.3518,29.8981,1.38,2.63964
3.5,246,18.3616,29.9336,1.38,2.63964
3.5,247,18.3518,29.9691,1.38,2.63964
3.5,248,18.3518,29.9691,1.38,2.63964
3.5,249,18.3518,29.9691,1.38,2.62796
3.5,250,18.3518,30.0401,1.38,2.63964
3.5,251,18.342,30.0046,1.38,2.63964
3.5,252,18.3518,30.0401,1.38,2.62796
3.5,253,18.342,30.0401,1.38,2.63964
3.5,254,18.3322,30.0401,1.38,2.63964
3.5,255,18.342,30.0401,1.38,2.63964
3.5,256,18.342,30.0401,1.38,2.62796
3.5,257,18.342,30.0401,1.38,2.63964
3.5,258,18.342,30.0401,1.38,2.63964
3.5,259,18.3518,30.0401,1.38,2.62796
3.5,260,18.3322,29.8981,1.38,2.63964
3.5,261,18.3126,30.0756,1.38,2.63964
3.5,262,18.3028,30.2529,1.38,2.63964
3.5,263,18.3126,30.2175,1.38,2.63964
3.5,264,18.3126,30.1465,1.38,2.63964
3.5,265,18.3028,30.2175,1.38,2.63964
3.5,266,18.3028,30.2529,1.38,2.63964
3.5,267,18.3028,30.2529,1.38,2.65143
3.5,268,18.3028,30.2175,1.38,2.63964
3.5,269,18.3028,30.0046,1.38,2.63964
3.5,270,18.3028,30.2175,1.38,2.63964
3.5,271,18.3028,30.2529,1.38,2.63964
3.5,272,18.293,30.3238,1.38,2.62796
3.5,273,18.293,30.2529,1.38,2.63964
3.5,274,18.3028,30.2884,1.38,2.63964
3.5,275,18.293,30.3592,1.38,2.63964
3.5,276,18.3028,30.3238,1.38,2.63964
3.5,277,18.293,30.2529,1.38,2.63964
3.5,278,18.3028,30.3947,1.38,2.63964
3.5,279,18.3028,30.3238,1.38,2.62796
3.5,280,18.3126,30.2529,1.38,2.63964
3.5,281,18.3126,30.2529,1.38,2.63964
3.5,282,18.3126,30.2884,1.38,2.63964
3.5,283,18.3028,30.4655,1.38,2.63964
3.5,284,18.3028,30.3592,1.38,2.63964
3.5,285,18.3028,30.3592,1.38,2.63964
3.5,286,18.3028,30.3238,1.38,2.63964
3.5,287,18.3028,30.2884,1.38,2.63964
3.5,288,18.3028,30.3592,1.38,2.63964
3.5,289,18.3028,30.3947,1.38,2.63964
3.5,290,18.3028,30.3238,1.38,2.63964
3.5,291,18.3028,30.3238,1.38,2.63964
3.5,292,18.3028,30.3238,1.38,2.63964
3.5,293,18.3028,30.3238,1.38,2.62796
3.5,294,18.2832,30.4655,1.38,2.63964
3.5,295,18.293,30.2529,1.38,2.62796
3.5,296,18.2832,30.4655,1.38,2.65143
3.5,297,18.2832,30.5009,1.38,2.63964
3.5,298,18.2832,30.3947,1.38,2.63964
3.5,299,18.3028,30.4655,1.38,2.63964
3.5,300,18.293,30.5363,1.38,2.63964
3.5,301,18.3028,30.5009,1.38,2.63964
3.5,302,18.3028,30.5363,1.38,2.63964
3.5,303,18.3028,30.3947,1.38,2.63964
3.5,304,18.3126,30.5363,1.38,2.63964
3.5,305,18.3028,30.5009,1.38,2.63964
3.5,306,18.3224,30.4655,1.38,2.62796
3.5,307,18.3028,30.3947,1.38,2.63964
3.5,308,18.3126,30.5363,1.38,2.63964
3.5,309,18.3126,30.5717,1.38,2.63964
3.5,310,18.3028,30.4655,1.38,2.62796
3.5,311,18.3028,30.5363,1.38,2.63964
3.5,312,18.3028,30.5717,1.38,2.63964
3.5,313,18.293,30.5363,1.38,2.65143
3.5,314,18.293,30.6071,1.38,2.63964
3.5,315,18.293,30.6779,1.38,2.63964
3.5,316,18.293,30.5363,1.38,2.63964
3.5,317,18.293,30.5363,1.38,2.63964
3.5,318,18.3028,30.5363,1.38,2.63964
3.5,319,18.2832,30.4655,1.38,2.62796
3.5,320,18.293,30.6779,1.38,2.63964
3.5,321,18.293,30.6071,1.38,2.62796
3.5,322,18.3028,30.7486,1.38,2.63964
3.5,323,18.293,30.6071,1.38,2.63964
3.5,324,18.293,30.6071,1.38,2.63964
3.5,325,18.293,30.7133,1.38,2.63964
3.5,326,18.2832,30.5363,1.38,2.63964
3.5,327,18.3028,30.5363,1.38,2.63964
3.5,328,18.3028,30.6779,1.38,2.63964
3.5,329,18.3126,30.5717,1.38,2.63964
3.5,330,18.3028,30.6779,1.38,2.63964
3.5,331,18.3126,30.784,1.38,2.63964
3.5,332,18.3028,30.8194,1.38,2.63964
3.5,333,18.3126,30.6779,1.38,2.63964
3.5,334,18.293,30.784,1.38,2.62796
3.5,335,18.3028,30.8194,1.38,2.63964
3.5,336,18.3126,30.7486,1.38,2.63964
3.5,337,18.3028,30.6779,1.38,2.63964
3.5,338,18.3126,30.6779,1.38,2.63964
3.5,339,18.3224,30.6779,1.38,2.63964
3.5,340,18.3224,30.8547,1.38,2.63964
3.5,341,18.3126,30.784,1.38,2.63964
3.5,342,18.3126,30.8901,1.38,2.63964
3.5,343,18.293,30.9961,1.38,2.62796
3.5,344,18.3028,30.7486,1.84,2.63964
3.5,345,18.3028,30.8901,1.84,2.62796
3.5,346,18.3028,30.8901,1.84,2.62796
3.5,347,18.3028,30.9254,1.84,2.63964
3.5,348,18.3126,30.9608,1.84,2.63964
3.5,349,18.293,30.8901,1.84,2.63964
3.5,350,18.3028,30.8194,2.3,2.62796
3.5,351,18.3028,30.9254,2.3,2.63964
3.5,352,18.3028,30.8901,2.3,2.63964
3.5,353,18.293,31.0314,2.3,2.63964
3.5,354,18.293,30.9608,2.76,2.62796
3.5,355,18.2832,30.9961,2.76,2.63964
3.5,356,18.2832,31.0314,2.76,2.63964
3.5,357,18.293,30.9254,3.22,2.63964
3.5,358,18.2832,31.0314,3.22,2.63964
3.5,359,18.3028,30.8901,3.68,2.63964
3.5,360,18.3224,30.8901,4.6,2.63964
3.5,361,18.3126,31.0314,5.06,2.63964
3.5,362,18.3028,30.9961,5.06,2.65143
3.5,363,18.3028,31.1021,5.52,2.63964
3.5,364,18.3126,31.1021,5.98,2.63964
3.5,365,18.3028,31.0667,5.98,2.63964
3.5,366,18.2832,31.1021,6.9,2.65143
3.5,367,18.293,30.9608,6.9,2.63964
3.5,368,18.293,31.1374,7.36,2.63964
3.5,369,18.3028,31.1374,8.28,2.63964
3.5,370,18.3028,31.0314,8.28,2.63964
3.5,371,18.3028,31.1727,8.28,2.63964
3.5,372,18.293,31.1727,9.2,2.63964
3.5,373,18.293,31.1021,9.2,2.63964
3.5,374,18.2832,31.1727,9.2,2.63964
3.5,375,18.293,31.1021,10.12,2.63964
3.5,376,18.293,31.1021,10.12,2.63964
3.5,377,18.2832,31.208,11.04,2.63964
3.5,378,18.2832,31.208,11.96,2.63964
3.5,379,18.2832,31.1727,11.96,2.63964
3.5,380,18.2832,31.2433,11.96,2.63964
3.5,381,18.2832,31.1727,12.88,2.62796
3.5,382,18.2832,31.3139,12.88,2.63964
3.5,383,18.2734,31.2433,13.8,2.62796
3.5,384,18.2832,31.2433,13.8,2.63964
3.5,385,18.2832,31.1374,14.72,2.62796
3.5,386,18.2832,31.1727,14.72,2.63964
3.5,387,18.3028,31.2433,15.64,2.63964
3.5,388,18.293,31.3139,15.64,2.63964
3.5,389,18.3028,31.1727,15.64,2.62796
3.5,390,18.3028,31.2786,16.56,2.62796
3.5,391,18.3028,31.3491,16.56,2.63964
3.5,392,18.2832,31.3139,17.48,2.63964
3.5,393,18.293,31.3844,17.48,2.63964
3.5,394,18.3126,31.3844,18.4,2.63964
3.5,395,18.3028,31.3844,19.32,2.63964
3.5,396,18.3126,31.3139,19.32,2.63964
3.5,397,18.3028,31.1727,20.24,2.63964
3.5,398,18.3028,31.3844,20.24,2.63964
3.5,399,18.3518,31.208,21.16,2.62796
3.5,400,19.0574,29.9691,30.36,2.65143
3.5,401,19.9002,28.6163,57.04,2.65143
3.5,402,20.8802,27.1117,79.12,2.65143
3.5,403,21.0664,26.86,79.12,2.66332
3.5,404,21.2526,26.608,82.8,2.66332
3.5,405,21.3996,26.3918,86.48,2.66332
3.5,406,21.5858,26.3197,93.84,2.66332
3.5,407,21.7426,26.1754,93.84,2.66332
3.5,408,21.9876,25.8865,101.2,2.67532
3.5,409,22.066,25.8142,104.88,2.67532
3.5,410,22.1248,25.7419,104.88,2.67532
3.5,411,22.1542,25.7419,121.44,2.67532
3.5,412,22.2424,25.7057,136.16,2.66332
3.5,413,22.2718,25.6696,143.52,2.67532
3.5,414,22.4678,25.4525,143.52,2.67532
3.5,415,22.5952,25.3801,150.88,2.68742
3.5,416,22.6246,25.3801,150.88,2.67532
3.5,417,22.703,25.4525,158.24,2.67532
3.5,418,22.7324,25.3801,158.24,2.67532
3.5,419,22.7618,25.3801,165.6,2.68742
3.5,420,22.801,25.3439,165.6,2.67532
3.5,421,22.85,25.3439,165.6,2.68742
3.5,422,22.8794,25.3077,165.6,2.68742
3.5,423,23.1048,25.0902,180.32,2.67532
3.5,424,23.1342,25.0902,187.68,2.68742
3.5,425,23.1538,25.0177,195.04,2.68742
3.5,426,23.193,25.0177,195.04,2.68742
3.5,427,23.2028,25.0177,202.4,2.67532
3.5,428,23.1832,25.0177,202.4,2.68742
3.5,429,23.193,25.0177,202.4,2.67532
3.5,430,23.193,25.054,202.4,2.68742
3.5,431,23.2812,25.0177,195.04,2.67532
3.5,432,23.3498,24.9452,202.4,2.67532
3.5,433,23.3498,24.9452,202.4,2.68742
3.5,434,23.3792,24.9089,217.12,2.68742
3.5,435,23.4184,24.9452,235.52,2.68742
3.5,436,23.4282,25.0177,235.52,2.68742
3.5,437,23.438,25.0177,235.52,2.67532
3.5,438,23.4674,25.0177,235.52,2.68742
3.5,439,23.4772,25.0177,250.24,2.67532
3.5,440,23.6144,24.9089,279.68,2.68742
3.5,441,23.6438,24.8726,279.68,2.68742
3.5,442,23.683,24.8363,279.68,2.67532
3.5,443,23.7026,24.8,294.4,2.68742
3.5,444,23.732,24.8,294.4,2.68742
3.5,445,23.7516,24.8,309.12,2.69964
3.5,446,23.7712,24.7274,309.12,2.68742
3.5,447,23.7908,24.7274,309.12,2.68742
3.5,448,23.8888,24.6548,323.84,2.68742
3.5,449,23.928,24.6548,323.84,2.69964
3.5,450,23.9672,24.5821,323.84,2.69964
3.5,451,24.0064,24.5458,323.84,2.68742
3.5,452,24.0358,24.5094,368,2.69964
3.5,453,24.0652,24.4731,368,2.68742
3.5,454,24.0848,24.4367,368,2.68742
3.5,455,24.2612,24.2913,368,2.69964
3.5,456,24.3396,24.364,368,2.69964
3.5,457,24.3886,24.364,368,2.69964
3.5,458,24.418,24.2913,368,2.69964
3.5,459,24.418,24.364,368,2.69964
3.5,460,24.4768,24.2913,368,2.68742
3.5,461,24.4866,24.2913,368,2.68742
3.5,462,24.5062,24.2913,368,2.69964
3.5,463,24.5258,24.2913,368,2.69964
3.5,464,24.516,24.2913,368,2.68742
3.5,465,24.5356,24.2913,368,2.68742
3.5,466,24.5062,24.2913,368,2.68742
3.5,467,24.4768,24.4004,368,2.68742
3.5,468,24.4572,24.4367,368,2.69964
3.5,469,24.3984,24.4731,382.72,2.69964
3.5,470,24.2416,24.6548,382.72,2.69964
3.5,471,24.1632,24.8,382.72,2.68742
3.5,472,24.124,24.9452,368,2.68742
3.5,473,24.2122,24.8,368,2.69964
3.5,474,24.3004,24.7274,368,2.68742
3.5,475,24.2514,24.8726,368,2.68742
3.5,476,24.3592,24.7274,368,2.69964
3.5,477,24.4278,24.7274,368,2.69964
3.5,478,24.5748,24.5094,382.72,2.69964
3.5,479,24.6336,24.5094,368,2.69964
3.5,480,24.7218,24.364,368,2.69964
3.5,481,24.81,24.3276,368,2.69964
3.5,482,24.859,24.1457,368,2.69964
3.5,483,25.0354,24,368,2.69964
3.5,484,25.0648,24,382.72,2.69964
3.5,485,25.1236,24,382.72,2.69964
3.5,486,25.202,23.8543,382.72,2.69964
3.5,487,25.2608,23.7449,382.72,2.69964
3.5,488,25.2706,23.7814,382.72,2.69964
3.5,489,25.349,23.672,382.72,2.69964
3.5,490,25.3882,23.5626,382.72,2.69964
3.5,491,25.3784,23.6355,382.72,2.71196
3.5,492,25.447,23.5626,382.72,2.69964
3.5,493,25.4176,23.6355,382.72,2.71196
3.5,494,25.4274,23.6355,382.72,2.71196
3.5,495,25.4764,23.4896,382.72,2.69964
3.5,496,25.5254,23.6355,382.72,2.69964
3.5,497,25.5254,23.7085,382.72,2.69964
3.5,498,25.545,23.7085,382.72,2.69964
3.5,499,25.5352,23.6355,353.28,2.69964
3.5,500,25.5156,23.6355,368,2.69964
3.5,501,25.5548,23.7085,382.72,2.71196
3.5,502,25.5548,23.7085,382.72,2.71196
3.5,503,25.5646,23.7085,382.72,2.69964
3.5,504,25.6234,23.6355,382.72,2.69964
3.5,505,25.7018,23.5626,382.72,2.71196
3.5,506,25.8194,23.4531,382.72,2.71196
3.5,507,25.8194,23.4896,382.72,2.71196
3.5,508,25.8194,23.4531,382.72,2.71196
3.5,509,25.8292,23.4166,382.72,2.71196
3.5,510,25.8488,23.3435,397.44,2.71196
3.5,511,25.9272,23.2705,397.44,2.71196
3.5,512,25.937,23.307,397.44,2.71196
3.5,513,25.9468,23.307,397.44,2.71196
3.5,514,25.9272,23.2705,382.72,2.71196
3.5,515,25.9076,23.2705,382.72,2.71196
3.5,516,25.9468,23.2705,382.72,2.71196
3.5,517,25.8978,23.2705,382.72,2.71196
3.5,518,26.0056,23.1974,397.44,2.71196
3.5,519,26.0252,23.1974,397.44,2.71196
3.5,520,26.0644,23.1974,397.44,2.7244
3.5,521,26.1722,23.0511,397.44,2.7244
3.5,522,26.133,23.0511,397.44,2.71196
3.5,523,26.2016,23.0511,397.44,2.71196
3.5,524,26.2996,22.8682,368,2.71196
3.5,525,26.3094,22.9048,412.16,2.7244
3.5,526,26.2996,22.9414,397.44,2.71196
3.5,527,26.3486,22.8316,397.44,2.71196
3.5,528,26.3094,22.9048,382.72,2.71196
3.5,529,26.329,22.8682,353.28,2.71196
3.5,530,26.3094,22.9048,397.44,2.71196
3.5,531,26.3388,22.8316,397.44,2.7244
3.5,532,26.329,22.9048,382.72,2.71196
3.5,533,26.3682,22.8316,353.28,2.71196
3.5,534,26.3976,22.8316,294.4,2.71196
3.5,535,26.476,22.7584,338.56,2.7244
3.5,536,26.4858,22.6852,338.56,2.7244
3.5,537,26.5152,22.6852,353.28,2.71196
3.5,538,26.525,22.6486,353.28,2.7244
3.5,539,26.4564,22.6119,338.56,2.7244
3.5,540,26.4956,22.6852,338.56,2.7244
3.5,541,26.476,22.6852,309.12,2.7244
3.5,542,26.476,22.6852,294.4,2.7244
3.5,543,26.5152,22.6852,294.4,2.7244
3.5,544,26.5152,22.6486,264.96,2.7244
3.5,545,26.5446,22.6852,279.68,2.71196
3.5,546,26.6034,22.6119,309.12,2.71196
3.5,547,26.6034,22.6119,294.4,2.7244
3.5,548,26.6034,22.5386,279.68,2.7244
3.5,549,26.5348,22.6119,279.68,2.71196
3.5,550,26.5642,22.6119,309.12,2.7244
3.5,551,26.5446,22.6486,294.4,2.71196
3.5,552,26.5152,22.6486,294.4,2.7244
3.5,553,26.5152,22.6119,294.4,2.7244
3.5,554,26.525,22.6119,294.4,2.7244
3.5,555,26.5152,22.6486,309.12,2.71196
3.5,556,26.5152,22.6119,323.84,2.71196
3.5,557,26.5152,22.6486,338.56,2.7244
3.5,558,26.5152,22.6119,338.56,2.7244
3.5,559,26.5544,22.5386,338.56,2.7244
3.5,560,26.5544,22.5753,353.28,2.71196
3.5,561,26.525,22.6119,368,2.71196
3.5,562,26.5446,22.6119,368,2.7244
3.5,563,26.574,22.5386,382.72,2.7244
3.5,564,26.5936,22.5386,397.44,2.7244
3.5,565,26.6328,22.4653,382.72,2.71196
3.5,566,26.5544,22.5386,368,2.71196
3.5,567,26.5348,22.5386,264.96,2.71196
3.5,568,26.427,22.6852,382.72,2.7244
3.5,569,26.4662,22.6119,338.56,2.7244
3.5,570,26.5642,22.5386,353.28,2.7244
3.5,571,26.4466,22.6852,353.28,2.7244
3.5,572,26.4858,22.6852,338.56,2.71196
3.5,573,26.4564,22.6852,323.84,2.71196
3.5,574,26.4368,22.7218,338.56,2.7244
3.5,575,26.4662,22.6852,323.84,2.7244
3.5,576,26.476,22.6486,338.56,2.71196
3.5,577,26.4956,22.6852,353.28,2.7244
3.5,578,26.3878,22.795,382.72,2.7244
3.5,579,26.3976,22.8316,368,2.7244
3.5,580,26.3192,22.8682,382.72,2.7244
3.5,581,26.2506,23.0146,368,2.71196
3.5,582,26.035,23.2705,397.44,2.71196
3.5,583,25.9664,23.3435,412.16,2.71196
3.5,584,25.8194,23.5626,397.44,2.7244
3.5,585,25.8194,23.6355,412.16,2.71196
3.5,586,25.8194,23.7814,397.44,2.71196
3.5,587,25.8096,23.8543,382.72,2.69964
3.5,588,25.8194,23.8908,397.44,2.71196
3.5,589,25.6136,24.0729,382.72,2.69964
3.5,590,25.5058,24.2185,397.44,2.69964
3.5,591,25.4568,24.364,412.16,2.69964
3.5,592,25.3882,24.4004,412.16,2.69964
3.5,593,25.2314,24.5821,397.44,2.69964
3.5,594,25.2118,24.6184,353.28,2.69964
3.5,595,25.104,24.8,309.12,2.69964
3.5,596,25.0648,24.8,426.88,2.71196
3.5,597,24.957,24.9452,412.16,2.69964
3.5,598,24.9472,24.9452,397.44,2.69964
3.5,599,24.8884,25.0177,397.44,2.71196
3.5,600,24.7708,25.1627,397.44,2.69964
3.5,601,24.6924,25.3077,397.44,2.69964
3.5,602,24.6924,25.3077,426.88,2.69964
3.5,603,24.6336,25.3077,426.88,2.69964
3.5,604,24.5846,25.4163,441.6,2.69964
3.5,605,24.663,25.3801,441.6,2.69964
3.5,606,24.7218,25.3077,441.6,2.69964
3.5,607,24.712,25.2352,456.32,2.69964
3.5,608,24.7512,25.2352,426.88,2.69964
3.5,609,24.7708,25.1627,478.4,2.69964
3.5,610,24.7708,25.1627,478.4,2.69964
3.5,611,24.6924,25.3077,478.4,2.71196
3.5,612,24.8394,25.0902,478.4,2.69964
3.5,613,24.8198,25.0902,456.32,2.69964
3.5,614,24.8296,25.0902,426.88,2.69964
3.5,615,24.8198,25.1265,441.6,2.71196
3.5,616,24.859,25.1627,441.6,2.71196
3.5,617,24.8786,25.054,441.6,2.71196
3.5,618,24.8688,25.0902,456.32,2.69964
3.5,619,24.9962,25.0902,456.32,2.69964
3.5,620,24.8492,25.0177,456.32,2.69964
3.5,621,24.7708,25.1265,456.32,2.69964
3.5,622,24.761,25.2352,456.32,2.69964
3.5,623,24.8002,25.2352,478.4,2.69964
3.5,624,24.9276,25.199,456.32,2.69964
3.5,625,25.0158,25.0177,456.32,2.69964
3.5,626,25.0452,24.8726,426.88,2.69964
3.5,627,25.0158,24.9089,426.88,2.69964
3.5,628,25.0648,24.9452,426.88,2.69964
3.5,629,25.1138,24.9089,426.88,2.69964
3.5,630,25.055,24.9452,426.88,2.69964
3.5,631,25.0844,24.8726,412.16,2.69964
3.5,632,25.0746,24.9089,426.88,2.69964
3.5,633,25.104,24.9814,441.6,2.71196
3.5,634,25.1726,24.9452,441.6,2.69964
3.5,635,25.2706,24.8,456.32,2.69964
3.5,636,25.202,24.8,441.6,2.69964
3.5,637,25.2804,24.8,441.6,2.69964
3.5,638,25.2412,24.7274,456.32,2.69964
3.5,639,25.251,24.7274,456.32,2.69964
3.5,640,25.1824,24.8363,478.4,2.69964
3.5,641,25.2804,24.8726,478.4,2.69964
3.5,642,25.349,24.6548,478.4,2.71196
3.5,643,25.1726,24.8726,478.4,2.69964
3.5,644,25.1628,24.8726,478.4,2.71196
3.5,645,25.2412,24.9452,478.4,2.69964
3.5,646,25.202,24.8726,478.4,2.69964
3.5,647,25.3196,24.7637,456.32,2.71196
3.5,648,25.251,24.9452,478.4,2.69964
3.5,649,25.4372,24.7274,478.4,2.69964
3.5,650,25.4176,24.6911,456.32,2.71196
3.5,651,25.3686,24.6548,441.6,2.71196
3.5,652,25.3196,24.7637,441.6,2.71196
3.5,653,25.1922,25.0177,412.16,2.71196
3.5,654,25.1824,24.9814,412.16,2.69964
3.5,655,25.1628,25.0177,412.16,2.71196
3.5,656,25.1236,25.2352,412.16,2.71196
3.5,657,25.1824,25.0177,412.16,2.71196
3.5,658,25.1628,25.0177,426.88,2.71196
3.5,659,25.2804,24.9814,441.6,2.71196
3.5,660,25.3098,24.9452,441.6,2.69964
3.5,661,25.3686,24.9452,441.6,2.71196
3.5,662,25.4568,24.9452,441.6,2.71196
3.5,663,25.4568,24.8,456.32,2.69964
3.5,664,25.3588,24.9452,456.32,2.71196
3.5,665,25.3098,25.0177,478.4,2.71196
3.5,666,25.2902,25.0177,478.4,2.71196
3.5,667,25.2804,25.1627,478.4,2.71196
3.5,668,25.2216,25.1627,478.4,2.71196
3.5,669,25.2412,25.0902,478.4,2.71196
3.5,670,25.2118,25.1627,478.4,2.71196
3.5,671,25.2412,25.1265,456.32,2.71196
3.5,672,25.2804,25.1627,456.32,2.71196
3.5,673,25.3,25.0177,456.32,2.69964
3.5,674,25.3686,24.9452,456.32,2.71196
3.5,675,25.3588,24.9089,456.32,2.71196
3.5,676,25.3588,24.9452,456.32,2.71196
3.5,677,25.5548,24.8,478.4,2.71196
3.5,678,25.5548,24.8726,478.4,2.69964
3.5,679,25.6136,24.6548,478.4,2.71196
3.5,680,25.6528,24.6184,507.84,2.71196
3.5,681,25.6332,24.5821,478.4,2.71196
3.5,682,25.6038,24.5821,507.84,2.71196
3.5,683,25.5646,24.7274,507.84,2.71196
3.5,684,25.4274,25.1627,507.84,2.71196
3.5,685,25.5744,24.8726,478.4,2.71196
3.5,686,25.5058,24.8726,478.4,2.71196
3.5,687,25.5058,24.8,507.84,2.69964
3.5,688,25.5842,24.7274,478.4,2.69964
3.5,689,25.6724,24.8363,478.4,2.69964
3.5,690,25.692,24.7637,478.4,2.71196
3.5,691,25.741,24.6548,478.4,2.71196
3.5,692,25.6234,24.8,478.4,2.71196
3.5,693,25.594,24.7274,478.4,2.71196
3.5,694,25.6332,24.8,478.4,2.71196
3.5,695,25.7312,24.6548,478.4,2.69964
3.5,696,25.8194,24.6548,478.4,2.71196
3.5,697,25.839,24.5458,456.32,2.71196
3.5,698,25.8292,24.5458,456.32,2.71196
3.5,699,25.9468,24.4367,412.16,2.71196
3.5,700,25.7018,24.5821,441.6,2.71196
3.5,701,25.79,24.5821,412.16,2.71196
3.5,702,25.7704,24.5821,397.44,2.71196
3.5,703,25.8194,24.5821,368,2.71196
3.5,704,25.7214,24.5821,397.44,2.71196
3.5,705,25.6528,24.6548,397.44,2.69964
3.5,706,25.7312,24.7274,397.44,2.71196
3.5,707,25.7704,24.6548,412.16,2.71196
3.5,708,25.8194,24.6548,397.44,2.71196
3.5,709,25.7508,24.5821,397.44,2.71196
3.5,710,25.7704,24.8,382.72,2.71196
3.5,711,25.6332,24.8,382.72,2.69964
3.5,712,25.6528,24.7274,353.28,2.71196
3.5,713,25.5254,24.8,323.84,2.71196
3.5,714,25.594,24.8,309.12,2.69964
3.5,715,25.594,24.8,309.12,2.71196
3.5,716,25.7312,24.7637,294.4,2.71196
3.5,717,25.7116,24.6548,279.68,2.71196
3.5,718,25.4176,24.9452,294.4,2.71196
3.5,719,25.4372,25.0177,279.68,2.71196
3.5,720,25.594,25.0177,279.68,2.69964
3.5,721,25.398,25.0902,279.68,2.69964
3.5,722,25.202,25.2352,279.68,2.69964
3.5,723,25.0452,25.3801,264.96,2.71196
3.5,724,24.8394,25.6696,264.96,2.69964
3.5,725,25.0158,25.7419,264.96,2.71196
3.5,726,24.908,25.6696,264.96,2.69964
3.5,727,24.859,25.7057,264.96,2.69964
3.5,728,24.8492,25.7419,250.24,2.69964
3.5,729,24.9962,25.6696,250.24,2.71196
3.5,730,25.0452,25.4525,217.12,2.69964
3.5,731,24.908,25.7419,217.12,2.71196
3.5,732,24.8982,25.7419,209.76,2.69964
3.5,733,24.7512,25.8503,202.4,2.69964
3.5,734,24.614,26.1754,202.4,2.69964
3.5,735,24.712,26.1032,202.4,2.69964
3.5,736,24.761,26.1032,195.04,2.71196
3.5,737,24.7708,26.031,195.04,2.71196
3.5,738,24.8296,26.031,195.04,2.69964
3.5,739,24.81,26.031,187.68,2.71196
3.5,740,24.7708,26.1032,187.68,2.69964
3.5,741,24.7316,26.1032,180.32,2.69964
3.5,742,24.8296,26.031,180.32,2.69964
3.5,743,24.7806,26.1032,172.96,2.71196
3.5,744,24.7512,26.1032,172.96,2.69964
3.5,745,24.7904,26.031,172.96,2.69964
3.5,746,24.7414,26.1393,172.96,2.69964
3.5,747,24.6924,26.1754,165.6,2.69964
3.5,748,24.6434,26.1754,165.6,2.69964
3.5,749,24.6434,26.2475,165.6,2.69964
3.5,750,24.5748,26.3197,158.24,2.71196
3.5,751,24.5356,26.3918,158.24,2.69964
3.5,752,24.3102,26.608,150.88,2.69964
3.5,753,24.2906,26.608,150.88,2.69964
3.5,754,24.3004,26.68,150.88,2.69964
3.5,755,24.2906,26.68,150.88,2.69964
3.5,756,24.222,26.788,150.88,2.69964
3.5,757,24.1828,26.824,150.88,2.69964
3.5,758,24.1632,26.9679,143.52,2.69964
3.5,759,24.0946,26.896,143.52,2.69964
3.5,760,24.1044,26.9679,143.52,2.69964
3.5,761,24.124,26.896,143.52,2.69964
3.5,762,24.0554,27.0039,143.52,2.69964
3.5,763,24.0456,27.0039,143.52,2.69964
3.5,764,24.0652,26.9679,143.52,2.69964
3.5,765,24.0554,27.0039,143.52,2.69964
3.5,766,24.0358,27.0398,143.52,2.69964
3.5,767,23.8888,27.0758,143.52,2.68742
3.5,768,23.7516,27.2914,143.52,2.69964
3.5,769,23.6536,27.4709,143.52,2.68742
3.5,770,23.6242,27.4709,143.52,2.69964
3.5,771,23.6928,27.5068,143.52,2.69964
3.5,772,23.7516,27.3991,143.52,2.68742
3.5,773,23.8006,27.2914,143.52,2.69964
3.5,774,23.83,27.2914,143.52,2.68742
3.5,775,23.8006,27.2914,143.52,2.69964
3.5,776,23.7908,27.2914,143.52,2.69964
3.5,777,23.8398,27.2914,143.52,2.68742
3.5,778,23.879,27.2914,143.52,2.68742
3.5,779,23.8496,27.2914,143.52,2.68742
3.5,780,23.9476,27.2914,143.52,2.68742
3.5,781,24.0064,27.1117,143.52,2.69964
3.5,782,23.9868,27.1117,143.52,2.68742
3.5,783,23.9378,27.1836,143.52,2.69964
3.5,784,23.8692,27.2914,143.52,2.69964
3.5,785,23.7516,27.3991,143.52,2.69964
3.5,786,23.7026,27.5426,143.52,2.68742
3.5,787,23.6438,27.5785,150.88,2.69964
3.5,788,23.6536,27.6144,150.88,2.69964
3.5,789,23.634,27.6861,150.88,2.68742
3.5,790,23.634,27.5426,143.52,2.69964
3.5,791,23.5556,27.6144,143.52,2.68742
3.5,792,23.5164,27.6861,143.52,2.69964
3.5,793,23.438,27.9011,143.52,2.68742
3.5,794,23.5164,27.7219,143.52,2.68742
3.5,795,23.5262,27.7578,143.52,2.68742
3.5,796,23.5066,27.6861,143.52,2.68742
3.5,797,23.487,27.7219,143.52,2.68742
3.5,798,23.5164,27.7578,143.52,2.68742
3.5,799,23.5556,27.6861,136.16,2.69964
3.5,800,23.536,27.7578,136.16,2.68742
3.5,801,23.5164,27.6861,136.16,2.68742
3.5,802,23.487,27.7578,136.16,2.68742
3.5,803,23.4478,27.8294,136.16,2.68742
3.5,804,23.4576,27.8294,136.16,2.68742
3.5,805,23.3988,27.9011,136.16,2.68742
3.5,806,23.3792,27.9011,136.16,2.68742
3.5,807,23.3792,27.9727,136.16,2.68742
3.5,808,23.4086,27.9369,136.16,2.68742
3.5,809,23.4674,27.9011,136.16,2.68742
3.5,810,23.3792,28.0085,136.16,2.68742
3.5,811,23.3596,28.1159,136.16,2.69964
3.5,812,23.438,27.9727,136.16,2.68742
3.5,813,23.438,28.0443,136.16,2.69964
3.5,814,23.389,28.0801,136.16,2.69964
3.5,815,23.3596,28.1517,136.16,2.69964
3.5,816,23.389,28.1159,136.16,2.69964
3.5,817,23.389,28.1159,136.16,2.68742
3.5,818,23.3792,28.1159,136.16,2.68742
3.5,819,23.3596,28.1875,128.8,2.68742
3.5,820,23.3498,28.1875,128.8,2.68742
3.5,821,23.438,28.1159,128.8,2.68742
3.5,822,23.4576,28.1159,128.8,2.68742
3.5,823,23.4968,28.0443,128.8,2.68742
3.5,824,23.4968,28.0085,128.8,2.68742
3.5,825,23.4576,28.0443,128.8,2.68742
3.5,826,23.4282,28.1159,128.8,2.69964
3.5,827,23.3792,28.1517,128.8,2.68742
3.5,828,23.3498,28.1875,128.8,2.69964
3.5,829,23.34,28.259,128.8,2.68742
3.5,830,23.2812,28.3305,128.8,2.68742
3.5,831,23.291,28.402,136.16,2.68742
3.5,832,23.2028,28.4735,128.8,2.68742
3.5,833,23.046,28.7948,136.16,2.68742
3.5,834,23.1244,28.9018,136.16,2.68742
3.5,835,23.0558,28.9731,136.16,2.68742
3.5,836,23.0558,28.8305,143.52,2.68742
3.5,837,23.1048,28.8305,150.88,2.68742
3.5,838,23.0264,28.9731,150.88,2.68742
3.5,839,22.9284,29.08,150.88,2.68742
3.5,840,22.9578,29.1869,150.88,2.68742
3.5,841,22.997,29.0444,150.88,2.68742
3.5,842,22.899,29.2581,150.88,2.67532
3.5,843,22.8794,29.2581,158.24,2.67532
3.5,844,22.8206,29.3293,158.24,2.68742
3.5,845,22.7814,29.4005,158.24,2.68742
3.5,846,22.85,29.4005,158.24,2.68742
3.5,847,23.046,29.1157,158.24,2.67532
3.5,848,23.1538,28.9375,158.24,2.68742
3.5,849,23.1538,28.9375,158.24,2.67532
3.5,850,23.2322,28.8305,158.24,2.68742
3.5,851,23.2812,28.7948,158.24,2.68742
3.5,852,23.3008,28.8305,165.6,2.68742
3.5,853,23.3302,28.7234,158.24,2.68742
3.5,854,23.3988,28.6163,165.6,2.68742
3.5,855,23.3106,28.7591,165.6,2.68742
3.5,856,23.2812,28.8305,165.6,2.68742
3.5,857,23.2518,28.9018,165.6,2.68742
3.5,858,23.2812,28.7948,165.6,2.68742
3.5,859,23.4184,28.6163,165.6,2.68742
3.5,860,23.4772,28.5092,165.6,2.69964
3.5,861,23.5164,28.4735,165.6,2.68742
3.5,862,23.5752,28.402,165.6,2.68742
3.5,863,23.6144,28.2948,165.6,2.68742
3.5,864,23.634,28.259,165.6,2.68742
3.5,865,23.6634,28.3305,165.6,2.69964
3.5,866,23.6536,28.2232,172.96,2.69964
3.5,867,23.6536,28.1875,165.6,2.68742
3.5,868,23.6732,28.1875,172.96,2.68742
3.5,869,23.7124,28.1159,172.96,2.68742
3.5,870,23.7124,28.1159,165.6,2.68742
3.5,871,23.6536,28.259,172.96,2.68742
3.5,872,23.634,28.259,165.6,2.68742
3.5,873,23.5556,28.402,172.96,2.68742
3.5,874,23.5948,28.3305,172.96,2.68742
3.5,875,23.6144,28.3305,180.32,2.68742
3.5,876,23.634,28.259,180.32,2.69964
3.5,877,23.683,28.259,187.68,2.69964
3.5,878,23.6928,28.1875,187.68,2.68742
3.5,879,23.7516,28.1517,187.68,2.69964
3.5,880,23.732,28.1875,187.68,2.68742
3.5,881,23.7026,28.3305,187.68,2.68742
3.5,882,23.8202,28.1159,195.04,2.68742
3.5,883,23.83,28.1159,195.04,2.68742
3.5,884,23.83,28.1875,202.4,2.68742
3.5,885,23.8692,28.1875,202.4,2.69964
3.5,886,23.928,28.1159,202.4,2.69964
3.5,887,24.0456,27.9727,202.4,2.68742
3.5,888,24.0946,27.9011,202.4,2.69964
3.5,889,24.2024,27.8294,195.04,2.69964
3.5,890,24.222,27.9011,187.68,2.69964
3.5,891,24.2416,27.8653,187.68,2.69964
3.5,892,24.2612,27.8294,180.32,2.69964
3.5,893,24.222,27.8653,180.32,2.69964
3.5,894,24.32,27.6861,180.32,2.69964
3.5,895,24.4082,27.5785,180.32,2.69964
3.5,896,24.5454,27.3273,165.6,2.69964
3.5,897,24.5552,27.435,158.24,2.69964
3.5,898,24.5944,27.3273,158.24,2.69964
3.5,899,24.6532,27.2914,150.88,2.69964
3.5,900,24.5944,27.3632,150.88,2.69964
3.5,901,24.5944,27.4709,150.88,2.69964
3.5,902,24.5846,27.435,150.88,2.69964
3.5,903,24.5062,27.5785,150.88,2.69964
3.5,904,24.4572,27.7578,143.52,2.69964
3.5,905,24.4474,27.8294,143.52,2.69964
3.5,906,24.7022,27.5426,143.52,2.69964
3.5,907,24.7316,27.5785,143.52,2.69964
3.5,908,24.7512,27.6144,136.16,2.69964
3.5,909,24.81,27.5426,136.16,2.71196
3.5,910,24.7022,27.7578,136.16,2.69964
3.5,911,24.7022,27.8294,136.16,2.69964
3.5,912,24.614,27.9727,136.16,2.69964
3.5,913,24.5748,28.1517,143.52,2.69964
3.5,914,24.6728,28.1517,136.16,2.69964
3.5,915,24.712,28.259,128.8,2.69964
3.5,916,24.663,28.402,128.8,2.69964
3.5,917,24.5062,28.6163,121.44,2.69964
3.5,918,24.4572,28.6877,114.08,2.69964
3.5,919,24.4964,28.6163,121.44,2.69964
3.5,920,24.4376,28.6877,114.08,2.69964
3.5,921,24.418,28.7948,114.08,2.69964
3.5,922,24.3886,28.9375,114.08,2.68742
3.5,923,24.3396,28.9731,114.08,2.69964
3.5,924,24.2906,29.1157,114.08,2.69964
3.5,925,24.2024,29.2581,108.56,2.69964
3.5,926,24.2122,29.3293,108.56,2.69964
3.5,927,24.2416,29.1869,108.56,2.69964
3.5,928,24.2024,29.1869,108.56,2.69964
3.5,929,24.1338,29.3293,108.56,2.69964
3.5,930,24.1534,29.3649,108.56,2.69964
3.5,931,24.3396,29.0444,114.08,2.69964
3.5,932,24.2808,29.0444,114.08,2.69964
3.5,933,24.075,29.5428,108.56,2.69964
3.5,934,24.075,29.4717,114.08,2.69964
3.5,935,24.124,29.4005,114.08,2.69964
3.5,936,24.1044,29.4005,114.08,2.68742
3.5,937,24.0554,29.6139,108.56,2.68742
3.5,938,24.124,29.6139,108.56,2.69964
3.5,939,24.0946,29.5072,104.88,2.69964
3.5,940,24.1142,29.685,104.88,2.69964
3.5,941,24.124,29.6139,104.88,2.69964
3.5,942,24.1632,29.5428,104.88,2.69964
3.5,943,24.2416,29.5784,108.56,2.69964
3.5,944,24.2612,29.5072,108.56,2.69964
3.5,945,24.2024,29.6495,108.56,2.69964
3.5,946,24.1632,29.685,104.88,2.69964
3.5,947,24.1338,29.6495,108.56,2.69964
3.5,948,24.0652,29.8271,108.56,2.69964
3.5,949,24.075,29.8271,108.56,2.69964
3.5,950,24.1044,29.685,108.56,2.68742
3.5,951,24.1436,29.5428,108.56,2.68742
3.5,952,24.0554,29.7561,104.88,2.69964
3.5,953,24.1828,29.6139,104.88,2.69964
3.5,954,24.1632,29.5428,101.2,2.69964
3.5,955,24.1338,29.6139,101.2,2.69964
3.5,956,24.222,29.4717,97.52,2.69964
3.5,957,24.271,29.4005,97.52,2.69964
3.5,958,24.2318,29.4717,97.52,2.69964
3.5,959,24.2122,29.5428,97.52,2.69964
3.5,960,24.271,29.4005,97.52,2.69964
3.5,961,24.3396,29.3293,97.52,2.69964
3.5,962,24.3494,29.2938,97.52,2.69964
3.5,963,24.3396,29.2938,97.52,2.69964
3.5,964,24.2906,29.4005,97.52,2.69964
3.5,965,24.3004,29.3293,97.52,2.69964
3.5,966,24.3004,29.4005,93.84,2.71196
3.5,967,24.173,29.5428,93.84,2.69964
3.5,968,24.1926,29.5428,93.84,2.69964
3.5,969,24.222,29.5428,93.84,2.69964
3.5,970,24.3298,29.4005,90.16,2.69964
3.5,971,24.3592,29.4361,86.48,2.69964
3.5,972,24.3494,29.4717,86.48,2.69964
3.5,973,24.2612,29.6139,82.8,2.68742
3.5,974,24.4278,29.4717,82.8,2.69964
3.5,975,24.4376,29.4005,82.8,2.69964
3.5,976,24.6238,29.1157,79.12,2.69964
3.5,977,24.6238,29.1157,79.12,2.69964
3.5,978,24.6532,29.08,75.44,2.69964
3.5,979,24.6728,29.0444,75.44,2.69964
3.5,980,24.5846,29.0444,75.44,2.69964
3.5,981,24.5454,29.08,75.44,2.69964
3.5,982,24.5454,29.1513,75.44,2.69964
3.5,983,24.565,29.1157,75.44,2.69964
3.5,984,24.5748,29.1157,75.44,2.71196
3.5,985,24.5944,29.1513,71.76,2.69964
3.5,986,24.6336,29.0444,71.76,2.69964
3.5,987,24.5552,29.1157,71.76,2.69964
3.5,988,24.5356,29.1869,75.44,2.69964
3.5,989,24.4768,29.2581,75.44,2.69964
3.5,990,24.5356,29.2581,75.44,2.69964
3.5,991,24.5454,29.2581,75.44,2.69964
3.5,992,24.565,29.2938,75.44,2.69964
3.5,993,24.5748,29.3293,75.44,2.69964
3.5,994,24.5944,29.2581,79.12,2.69964
3.5,995,24.6532,29.2581,79.12,2.69964
3.5,996,24.6532,28.9731,79.12,2.69964
3.5,997,24.6238,29.2225,79.12,2.69964
3.5,998,24.6336,29.2581,79.12,2.69964
3.5,999,24.6924,29.1869,82.8,2.69964
3.5,1000,24.7022,29.1869,82.8,2.69964
3.5,1001,24.7512,28.9731,90.16,2.69964
3.5,1002,24.7316,28.9731,90.16,2.69964
3.5,1003,24.6826,28.9731,86.48,2.69964
3.5,1004,24.6042,29.1869,82.8,2.69964
3.5,1005,24.6336,29.4361,82.8,2.69964
3.5,1006,24.6532,29.1869,79.12,2.71196
3.5,1007,24.5748,29.2581,79.12,2.69964
3.5,1008,24.5356,29.3293,79.12,2.68742
3.5,1009,24.5552,29.5072,79.12,2.69964
3.5,1010,24.5944,29.4361,79.12,2.69964
3.5,1011,24.6924,29.2225,75.44,2.69964
3.5,1012,24.2612,29.685,75.44,2.69964
3.5,1013,24.3984,29.685,75.44,2.69964
3.5,1014,24.3984,29.6139,75.44,2.69964
3.5,1015,24.4082,29.4717,75.44,2.69964
3.5,1016,24.3886,29.5428,71.76,2.69964
3.5,1017,24.4082,29.4717,71.76,2.69964
3.5,1018,24.3396,29.5784,71.76,2.69964
3.5,1019,24.3102,29.685,71.76,2.69964
3.5,1020,24.2612,29.7561,68.08,2.68742
3.5,1021,24.222,29.8271,68.08,2.69964
3.5,1022,24.2514,29.7561,68.08,2.69964
3.5,1023,24.2514,29.7561,71.76,2.69964
3.5,1024,24.1926,29.8981,71.76,2.69964
