4,1,24.173,29.8626,75.44,2.69964
4,2,24.1534,29.9336,75.44,2.69964
4,3,24.1338,29.9691,75.44,2.69964
4,4,24.1142,29.8981,79.12,2.69964
4,5,24.1044,29.9691,79.12,2.69964
4,6,24.0946,30.0401,82.8,2.69964
4,7,24.0554,30.0401,86.48,2.69964
4,8,24.0456,30.0756,86.48,2.69964
4,9,24.1044,30.0046,86.48,2.69964
4,10,24.075,30.0401,90.16,2.69964
4,11,24.026,30.1111,90.16,2.69964
4,12,24.0162,30.182,93.84,2.69964
4,13,24.0064,30.182,93.84,2.69964
4,14,24.026,30.1111,93.84,2.69964
4,15,24.0652,30.1111,93.84,2.69964
4,16,24.1632,30.0401,93.84,2.69964
4,17,24.124,29.9691,97.52,2.69964
4,18,24.1632,29.8981,97.52,2.69964
4,19,24.1632,29.8981,97.52,2.69964
4,20,24.1828,29.8981,97.52,2.69964
4,21,24.1338,29.9691,101.2,2.69964
4,22,24.1338,29.9691,101.2,2.69964
4,23,23.83,30.4655,108.56,2.69964
4,24,23.8496,30.5363,121.44,2.68742
4,25,23.928,30.5009,121.44,2.69964
4,26,23.977,30.5009,128.8,2.69964
4,27,23.9672,30.4301,121.44,2.69964
4,28,23.9084,30.4655,128.8,2.69964
4,29,23.8202,30.6779,128.8,2.68742
4,30,24.0162,30.5363,136.16,2.69964
4,31,24.0848,30.3947,136.16,2.69964
4,32,24.0652,30.3947,143.52,2.69964
4,33,24.1142,30.3238,143.52,2.69964
4,34,24.1338,30.2529,143.52,2.68742
4,35,24.0554,30.3238,136.16,2.68742
4,36,24.0064,30.3947,143.52,2.69964
4,37,24.0652,30.3947,143.52,2.69964
4,38,24.0652,30.3592,143.52,2.69964
4,39,24.1926,30.2175,143.52,2.69964
4,40,24.3004,30.182,143.52,2.69964
4,41,24.3102,30.0401,150.88,2.69964
4,42,24.2906,29.9691,150.88,2.69964
4,43,24.2906,30.0756,165.6,2.69964
4,44,24.3886,30.0401,180.32,2.69964
4,45,24.3396,30.0401,187.68,2.69964
4,46,24.2808,30.182,217.12,2.69964
4,47,24.418,30.0046,202.4,2.69964
4,48,24.4376,29.8981,209.76,2.69964
4,49,24.4572,29.8981,224.48,2.69964
4,50,24.5356,29.8271,209.76,2.69964
4,51,24.4376,29.8981,250.24,2.69964
4,52,24.3984,30.0046,235.52,2.69964
4,53,24.3886,29.9691,235.52,2.69964
4,54,24.3494,29.9691,235.52,2.69964
4,55,24.3396,29.9691,235.52,2.69964
4,56,24.3984,29.8981,235.52,2.68742
4,57,24.4278,29.8626,224.48,2.69964
4,58,24.5356,29.8271,209.76,2.69964
4,59,24.5552,29.7561,209.76,2.69964
4,60,24.418,29.7916,202.4,2.69964
4,61,24.3494,29.8981,195.04,2.69964
4,62,24.3396,29.9691,195.04,2.69964
4,63,24.3592,29.9691,187.68,2.71196
4,64,24.3396,29.8981,187.68,2.69964
4,65,24.3298,29.8981,187.68,2.69964
4,66,24.3102,29.9691,187.68,2.69964
4,67,24.32,30.0401,180.32,2.69964
4,68,24.3298,29.9691,180.32,2.69964
4,69,24.32,30.0401,180.32,2.69964
4,70,24.3298,30.1111,180.32,2.69964
4,71,24.3396,30.0401,172.96,2.69964
4,72,24.3788,29.9691,172.96,2.69964
4,73,24.3788,29.9336,172.96,2.69964
4,74,24.3788,29.9691,172.96,2.69964
4,75,24.3494,29.9336,165.6,2.69964
4,76,24.32,30.0401,165.6,2.69964
4,77,24.32,29.9691,158.24,2.69964
4,78,24.2808,30.0401,158.24,2.69964
4,79,24.2416,30.1111,158.24,2.69964
4,80,24.1828,30.2175,158.24,2.68742
4,81,24.1632,30.182,158.24,2.69964
4,82,24.0848,30.3947,158.24,2.69964
4,83,24.075,30.3238,150.88,2.69964
4,84,24.075,30.4655,150.88,2.69964
4,85,24.0456,30.3947,150.88,2.69964
4,86,23.9182,30.5717,150.88,2.69964
4,87,23.9084,30.6071,150.88,2.69964
4,88,23.8496,30.6779,150.88,2.68742
4,89,23.8202,30.7133,150.88,2.69964
4,90,23.634,31.0314,143.52,2.69964
4,91,23.585,31.1727,143.52,2.69964
4,92,23.6928,30.9254,143.52,2.69964
4,93,23.7026,30.8901,143.52,2.68742
4,94,23.7026,30.9254,143.52,2.69964
4,95,23.6928,30.8901,143.52,2.68742
4,96,23.683,30.8901,143.52,2.69964
4,97,23.7026,30.8901,143.52,2.68742
4,98,23.6536,30.8901,143.52,2.68742
4,99,23.585,31.0667,136.16,2.68742
4,100,23.6046,31.0314,143.52,2.68742
4,101,23.6046,31.0314,136.16,2.68742
4,102,23.6732,31.0314,136.16,2.69964
4,103,23.7222,30.8901,136.16,2.68742
4,104,23.7222,30.9254,136.16,2.69964
4,105,23.781,30.8547,136.16,2.69964
4,106,23.7712,30.8901,136.16,2.68742
4,107,23.6634,31.0314,136.16,2.68742
4,108,23.6928,31.0314,128.8,2.68742
4,109,23.7516,30.9608,128.8,2.68742
4,110,23.7516,30.9961,128.8,2.69964
4,111,23.7516,31.0314,128.8,2.68742
4,112,23.7908,30.9961,128.8,2.69964
4,113,23.781,30.9608,128.8,2.69964
4,114,23.7908,31.0314,128.8,2.69964
4,115,23.7516,31.0667,121.44,2.69964
4,116,23.83,31.0314,121.44,2.69964
4,117,23.8104,31.0314,121.44,2.68742
4,118,23.8006,31.1021,121.44,2.68742
4,119,23.781,31.0314,121.44,2.68742
4,120,23.7516,31.1727,121.44,2.68742
4,121,23.7908,31.1021,114.08,2.68742
4,122,23.7908,31.1021,114.08,2.68742
4,123,23.5458,31.5254,114.08,2.68742
4,124,23.5752,31.5254,114.08,2.68742
4,125,23.6928,31.4197,114.08,2.68742
4,126,23.732,31.3139,114.08,2.68742
4,127,23.9182,31.0314,114.08,2.69964
4,128,23.9084,31.0314,108.56,2.68742
4,129,23.8888,31.0667,114.08,2.68742
4,130,23.8888,31.0314,114.08,2.68742
4,131,23.8398,31.1021,108.56,2.68742
4,132,23.8398,31.1374,108.56,2.69964
4,133,23.8398,31.1727,108.56,2.69964
4,134,23.8104,31.1727,108.56,2.68742
4,135,23.9182,30.9608,108.56,2.68742
4,136,23.928,30.9608,104.88,2.68742
4,137,23.8986,30.9961,104.88,2.69964
4,138,23.8398,31.0314,104.88,2.68742
4,139,23.8202,31.1021,104.88,2.69964
4,140,23.8594,31.0314,104.88,2.68742
4,141,24.0064,30.8194,104.88,2.68742
4,142,23.9476,30.8901,104.88,2.69964
4,143,23.9476,30.9608,101.2,2.69964
4,144,23.9672,30.9608,101.2,2.69964
4,145,24.026,30.8194,101.2,2.69964
4,146,24.0456,30.8194,97.52,2.68742
4,147,24.075,30.784,101.2,2.69964
4,148,24.1436,30.7486,97.52,2.69964
4,149,24.1436,30.7486,97.52,2.68742
4,150,24.173,30.6779,97.52,2.69964
4,151,24.1632,30.6779,93.84,2.69964
4,152,24.2024,30.6425,93.84,2.69964
4,153,24.1632,30.7133,93.84,2.68742
4,154,24.1338,30.7133,93.84,2.69964
4,155,24.1338,30.7133,93.84,2.69964
4,156,24.0456,30.9608,90.16,2.69964
4,157,24.1142,30.784,90.16,2.69964
4,158,24.1534,30.7486,90.16,2.69964
4,159,24.1534,30.7486,86.48,2.69964
4,160,24.124,30.8194,86.48,2.68742
4,161,24.1338,30.8901,86.48,2.69964
4,162,24.1534,30.8901,86.48,2.69964
4,163,24.173,30.8194,86.48,2.69964
4,164,24.173,30.8547,82.8,2.69964
4,165,24.222,30.7486,82.8,2.69964
4,166,24.1926,30.8901,82.8,2.68742
4,167,24.2122,30.8194,82.8,2.69964
4,168,24.2808,30.7486,79.12,2.69964
4,169,24.3886,30.6071,79.12,2.69964
4,170,24.3396,30.6071,79.12,2.69964
4,171,24.32,30.6779,79.12,2.69964
4,172,24.2808,30.7486,75.44,2.69964
4,173,24.2514,30.7486,75.44,2.68742
4,174,24.2906,30.7486,75.44,2.68742
4,175,24.3004,30.7133,75.44,2.69964
4,176,24.2024,30.8194,71.76,2.69964
4,177,24.2416,30.784,71.76,2.69964
4,178,24.222,30.8194,71.76,2.69964
4,179,24.1926,30.8901,71.76,2.69964
4,180,24.2122,30.9254,71.76,2.69964
4,181,24.222,30.7486,68.08,2.69964
4,182,24.222,30.784,64.4,2.69964
4,183,24.271,30.7486,64.4,2.69964
4,184,24.2416,30.784,64.4,2.69964
4,185,24.0848,31.0314,60.72,2.69964
4,186,24.0456,31.1021,60.72,2.68742
4,187,24.0554,31.0314,60.72,2.68742
4,188,24.1632,30.8901,60.72,2.69964
4,189,24.1044,30.9961,57.04,2.69964
4,190,24.1142,30.9961,57.04,2.68742
4,191,24.124,30.9961,57.04,2.69964
4,192,24.1534,30.9608,57.04,2.68742
4,193,24.1436,30.9608,57.04,2.69964
4,194,24.1632,30.9608,53.36,2.69964
4,195,24.1534,31.0314,53.36,2.69964
4,196,24.1632,30.9608,53.36,2.69964
4,197,24.2024,30.9254,53.36,2.69964
4,198,24.222,30.8901,53.36,2.69964
4,199,24.2122,30.8901,50.6,2.69964
4,200,24.1534,30.9608,50.6,2.69964
4,201,24.1338,30.9608,50.6,2.69964
4,202,24.1632,31.0314,48.76,2.68742
4,203,24.1828,30.9961,48.76,2.71196
4,204,24.1828,30.9608,48.76,2.68742
4,205,24.124,31.0314,48.76,2.69964
4,206,24.1338,31.0314,46.92,2.69964
4,207,24.0064,31.2786,46.92,2.69964
4,208,23.9084,31.4549,45.08,2.68742
4,209,23.83,31.5254,45.08,2.69964
4,210,23.7614,31.6664,45.08,2.68742
4,211,23.585,31.8776,43.24,2.68742
4,212,23.34,32.3698,45.08,2.68742
4,213,23.3204,32.4751,43.24,2.68742
4,214,23.291,32.6855,43.24,2.69964
4,215,23.3204,32.6855,43.24,2.68742
4,216,23.3204,32.6505,43.24,2.67532
4,217,23.3106,32.6154,43.24,2.68742
4,218,23.3008,32.6154,43.24,2.68742
4,219,23.2812,32.5803,41.4,2.68742
4,220,23.2714,32.5803,41.4,2.68742
4,221,23.2322,32.6505,41.4,2.68742
4,222,23.2224,32.7206,41.4,2.68742
4,223,23.2028,32.7206,41.4,2.67532
4,224,23.193,32.7206,39.56,2.69964
4,225,23.1636,32.5803,41.4,2.69964
4,226,23.1146,32.7206,41.4,2.68742
4,227,23.1146,32.8257,41.4,2.68742
4,228,23.1146,32.7907,41.4,2.68742
4,229,23.1048,32.8608,41.4,2.68742
4,230,23.1048,32.8958,41.4,2.68742
4,231,23.1048,32.8608,41.4,2.68742
4,232,23.095,32.8608,41.4,2.68742
4,233,23.0852,32.8608,41.4,2.68742
4,234,23.0754,32.8257,41.4,2.67532
4,235,23.0852,32.8608,41.4,2.68742
4,236,22.997,32.7907,39.56,2.68742
4,237,22.9186,32.9308,39.56,2.68742
4,238,22.9088,33.1059,41.4,2.68742
4,239,22.899,33.2108,41.4,2.69964
4,240,22.8794,33.2808,41.4,2.68742
4,241,22.8892,33.2458,41.4,2.68742
4,242,22.899,33.2458,39.56,2.68742
4,243,22.8598,33.2808,41.4,2.68742
4,244,22.8402,33.2108,41.4,2.68742
4,245,22.85,33.2458,39.56,2.68742
4,246,22.8696,33.1409,39.56,2.68742
4,247,22.85,33.1409,39.56,2.67532
4,248,22.8696,33.1759,39.56,2.68742
4,249,22.8598,33.1409,39.56,2.68742
4,250,22.8304,33.1409,39.56,2.67532
4,251,22.7422,33.2108,39.56,2.69964
4,252,22.7618,33.2808,39.56,2.68742
4,253,22.7618,33.2808,39.56,2.68742
4,254,22.7324,33.2458,39.56,2.67532
4,255,22.703,33.2808,41.4,2.69964
4,256,22.6638,33.2808,39.56,2.67532
4,257,22.654,33.3507,39.56,2.68742
4,258,22.654,33.4206,39.56,2.67532
4,259,22.6148,33.3507,41.4,2.67532
4,260,22.605,33.3507,41.4,2.67532
4,261,22.5854,33.3857,39.56,2.68742
4,262,22.5658,33.3507,39.56,2.67532
4,263,22.5266,33.6302,39.56,2.67532
4,264,22.5364,33.5604,39.56,2.67532
4,265,22.556,33.5953,39.56,2.67532
4,266,22.556,33.7,39.56,2.68742
4,267,22.5168,33.7,39.56,2.67532
4,268,22.5168,33.6302,39.56,2.67532
4,269,22.4874,33.6651,39.56,2.68742
4,270,22.4776,33.6302,39.56,2.67532
4,271,22.4482,33.7698,41.4,2.67532
4,272,22.4384,33.7698,41.4,2.67532
4,273,22.4188,33.7,41.4,2.67532
4,274,22.4188,33.7698,41.4,2.67532
4,275,22.4384,33.8047,41.4,2.68742
4,276,22.458,33.8396,41.4,2.68742
4,277,22.4776,33.7698,41.4,2.67532
4,278,22.4972,33.7698,41.4,2.67532
4,279,22.507,33.7698,41.4,2.67532
4,280,22.4972,33.7,41.4,2.67532
4,281,22.4776,33.7,41.4,2.68742
4,282,22.4972,33.7349,41.4,2.67532
4,283,22.4874,33.7,41.4,2.68742
4,284,22.4874,33.7,39.56,2.67532
4,285,22.4678,33.6302,41.4,2.67532
4,286,22.4384,33.7698,41.4,2.67532
4,287,22.4482,33.8396,41.4,2.67532
4,288,22.4384,33.9093,41.4,2.67532
4,289,22.4384,33.8047,41.4,2.67532
4,290,22.4482,33.8744,41.4,2.67532
4,291,22.4384,33.8047,41.4,2.67532
4,292,22.4188,33.8396,41.4,2.68742
4,293,22.4286,33.8744,41.4,2.67532
4,294,22.4188,33.8396,41.4,2.67532
4,295,22.3992,34.0139,41.4,2.67532
4,296,22.3992,33.979,41.4,2.68742
4,297,22.4188,33.9093,41.4,2.67532
4,298,22.3306,35.1609,41.4,2.67532
4,299,22.2914,35.0222,41.4,2.67532
4,300,22.2718,34.3621,41.4,2.67532
4,301,22.262,34.536,41.4,2.67532
4,302,22.2718,34.5708,41.4,2.67532
4,303,22.2718,34.675,41.4,2.67532
4,304,22.2718,34.6055,41.4,2.67532
4,305,22.3012,34.6403,41.4,2.67532
4,306,22.2914,34.6055,41.4,2.67532
4,307,22.2816,34.675,41.4,2.68742
4,308,22.3012,34.6403,41.4,2.67532
4,309,22.2424,34.7445,41.4,2.67532
4,310,22.2424,34.675,41.4,2.67532
4,311,22.2424,34.7445,41.4,2.67532
4,312,22.2424,34.536,39.56,2.67532
4,313,22.2326,34.8834,41.4,2.67532
4,314,22.2228,35.2995,41.4,2.67532
4,315,22.2032,35.2302,39.56,2.67532
4,316,22.1836,35.0222,41.4,2.67532
4,317,22.164,34.9875,41.4,2.67532
4,318,22.1444,34.8139,41.4,2.67532
4,319,22.1444,34.8834,41.4,2.67532
4,320,22.1346,35.3687,41.4,2.67532
4,321,22.115,35.3687,41.4,2.67532
4,322,22.1248,35.2995,41.4,2.67532
4,323,22.1248,35.3687,41.4,2.67532
4,324,22.115,35.0915,41.4,2.67532
4,325,22.1248,34.9528,41.4,2.67532
4,326,22.1052,35.7148,41.4,2.67532
4,327,22.1052,35.1609,41.4,2.67532
4,328,22.1052,35.853,41.4,2.67532
4,329,22.1052,35.0222,41.4,2.67532
4,330,22.1052,35.2648,39.56,2.67532
4,331,22.115,36.0603,41.4,2.67532
4,332,22.0856,35.9912,41.4,2.67532
4,333,22.066,35.2995,41.4,2.67532
4,334,22.0464,35.2648,41.4,2.67532
4,335,22.0464,35.0915,41.4,2.67532
4,336,22.0464,35.2995,41.4,2.67532
4,337,22.0562,35.2302,41.4,2.67532
4,338,22.0464,35.2302,41.4,2.67532
4,339,22.0562,34.9875,41.4,2.67532
4,340,22.0562,34.8834,41.4,2.67532
4,341,22.0562,34.8487,41.4,2.67532
4,342,22.0464,34.8139,41.4,2.67532
4,343,22.0464,34.8834,41.4,2.67532
4,344,22.0268,34.7792,39.56,2.67532
4,345,22.017,34.8487,41.4,2.67532
4,346,22.017,34.9528,41.4,2.67532
4,347,21.9876,35.1955,41.4,2.67532
4,348,21.968,34.9875,41.4,2.67532
4,349,21.9876,35.0915,41.4,2.66332
4,350,21.9876,35.0915,41.4,2.67532
4,351,21.9876,34.9875,41.4,2.67532
4,352,21.968,34.8834,41.4,2.67532
4,353,21.968,34.8139,41.4,2.67532
4,354,21.9484,34.8834,41.4,2.67532
4,355,21.9484,34.8834,41.4,2.67532
4,356,21.919,34.9528,41.4,2.66332
4,357,21.8896,34.9875,39.56,2.67532
4,358,21.8798,34.9528,39.56,2.66332
4,359,21.87,34.9181,39.56,2.67532
4,360,21.8406,35.1609,39.56,2.67532
4,361,21.8994,35.0915,41.4,2.66332
4,362,21.8798,35.0915,41.4,2.67532
4,363,21.8896,35.0222,41.4,2.66332
4,364,21.8896,35.0222,41.4,2.67532
4,365,21.87,35.0222,41.4,2.66332
4,366,21.8504,34.9528,41.4,2.66332
4,367,21.8308,35.0222,41.4,2.67532
4,368,21.8308,34.9528,41.4,2.67532
4,369,21.8112,34.8834,41.4,2.66332
4,370,21.8112,35.0222,41.4,2.67532
4,371,21.8112,34.9875,41.4,2.67532
4,372,21.8112,34.9181,41.4,2.66332
4,373,21.8112,34.9528,41.4,2.67532
4,374,21.8112,34.8834,41.4,2.67532
4,375,21.7916,34.9181,41.4,2.67532
4,376,21.8014,34.9528,41.4,2.66332
4,377,21.772,34.9528,41.4,2.67532
4,378,21.7818,34.9875,41.4,2.67532
4,379,21.772,34.9528,41.4,2.66332
4,380,21.772,35.0568,41.4,2.67532
4,381,21.7916,34.9528,41.4,2.67532
4,382,21.7818,34.9528,41.4,2.66332
4,383,21.772,34.9875,41.4,2.67532
4,384,21.7524,35.0222,41.4,2.66332
4,385,21.7524,35.0222,46.92,2.67532
4,386,21.7524,35.0222,46.92,2.67532
4,387,21.7328,35.0222,46.92,2.67532
4,388,21.7328,35.0568,46.92,2.66332
4,389,21.7328,35.0568,46.92,2.66332
4,390,21.7132,35.0568,46.92,2.67532
4,391,21.7132,35.0915,46.92,2.67532
4,392,21.7132,35.0222,46.92,2.66332
4,393,21.7034,35.0222,46.92,2.67532
4,394,21.6936,34.9528,46.92,2.67532
4,395,21.6936,35.0222,48.76,2.67532
4,396,21.7034,35.0222,46.92,2.67532
4,397,21.6936,34.9528,48.76,2.67532
4,398,21.674,35.0222,46.92,2.66332
4,399,21.674,35.0915,46.92,2.66332
4,400,21.6446,35.1262,46.92,2.66332
4,401,21.6348,35.0915,46.92,2.67532
4,402,21.625,35.0568,46.92,2.67532
4,403,21.625,35.0915,46.92,2.66332
4,404,21.6152,35.0915,46.92,2.66332
4,405,21.6544,35.0915,46.92,2.66332
4,406,21.6446,35.0222,46.92,2.66332
4,407,21.6446,35.0222,46.92,2.66332
4,408,21.625,35.0222,46.92,2.65143
4,409,21.6348,35.0222,46.92,2.67532
4,410,21.6348,35.0222,46.92,2.66332
4,411,21.625,35.0915,46.92,2.66332
4,412,21.6152,35.0915,46.92,2.66332
4,413,21.625,34.9528,48.76,2.66332
4,414,21.6348,35.0222,46.92,2.67532
4,415,21.6054,35.0915,46.92,2.66332
4,416,21.6054,35.0915,46.92,2.66332
4,417,21.6152,35.0222,46.92,2.66332
4,418,21.6054,34.9528,46.92,2.67532
4,419,21.5956,35.0222,46.92,2.66332
4,420,21.5956,34.9528,46.92,2.66332
4,421,21.5956,35.0222,46.92,2.66332
4,422,21.5956,35.0222,46.92,2.67532
4,423,21.5858,34.9528,46.92,2.66332
4,424,21.5466,34.9875,46.92,2.67532
4,425,21.5368,34.9875,46.92,2.66332
4,426,21.5466,35.0222,46.92,2.66332
4,427,21.5466,34.9528,46.92,2.66332
4,428,21.5466,34.9528,46.92,2.66332
4,429,21.5368,34.9875,46.92,2.67532
4,430,21.5368,34.9528,46.92,2.66332
4,431,21.5368,34.9528,46.92,2.66332
4,432,21.5466,35.0222,46.92,2.66332
4,433,21.5466,35.0568,46.92,2.66332
4,434,21.527,35.0222,46.92,2.66332
4,435,21.5368,35.0222,46.92,2.66332
4,436,21.5368,34.9875,46.92,2.67532
4,437,21.5368,35.0222,46.92,2.67532
4,438,21.5368,34.9528,46.92,2.66332
4,439,21.527,34.9528,46.92,2.65143
4,440,21.527,34.9528,46.92,2.66332
4,441,21.5172,34.9181,46.92,2.66332
4,442,21.5172,34.9528,46.92,2.66332
4,443,21.4976,34.9528,46.92,2.66332
4,444,21.4976,34.9875,46.92,2.66332
4,445,21.5074,34.9528,46.92,2.66332
4,446,21.4976,34.9181,46.92,2.66332
4,447,21.5074,34.9528,46.92,2.66332
4,448,21.5074,34.9528,46.92,2.66332
4,449,21.4976,34.8834,48.76,2.66332
4,450,21.4878,34.8834,46.92,2.65143
4,451,21.4878,34.9528,46.92,2.67532
4,452,21.478,34.9528,46.92,2.66332
4,453,21.478,35.0222,46.92,2.66332
4,454,21.4682,34.9528,46.92,2.66332
4,455,21.478,34.9528,46.92,2.66332
4,456,21.478,34.9875,46.92,2.66332
4,457,21.478,34.9875,46.92,2.66332
4,458,21.4486,34.9875,46.92,2.66332
4,459,21.4584,35.0222,46.92,2.66332
4,460,21.4388,35.0222,46.92,2.66332
4,461,21.4388,35.0222,46.92,2.66332
4,462,21.4486,35.0222,46.92,2.67532
4,463,21.4584,35.0222,46.92,2.66332
4,464,21.4388,35.0222,48.76,2.66332
4,465,21.4388,34.9528,46.92,2.67532
4,466,21.429,34.9528,48.76,2.66332
4,467,21.4388,34.9875,46.92,2.66332
4,468,21.429,35.0222,46.92,2.66332
4,469,21.4192,34.9528,46.92,2.66332
4,470,21.4192,34.8139,46.92,2.67532
4,471,21.4388,34.9528,46.92,2.67532
4,472,21.4192,35.0222,46.92,2.67532
4,473,21.4094,35.1609,46.92,2.66332
4,474,21.4094,35.0222,46.92,2.66332
4,475,21.3996,35.0222,46.92,2.67532
4,476,21.3996,35.0568,46.92,2.67532
4,477,21.3996,35.0568,48.76,2.67532
4,478,21.3898,35.0222,46.92,2.67532
4,479,21.3898,35.0222,46.92,2.67532
4,480,21.3898,35.0222,46.92,2.67532
4,481,21.38,35.0222,46.92,2.67532
4,482,21.3702,35.0568,48.76,2.66332
4,483,21.38,35.0222,46.92,2.67532
4,484,21.38,35.0568,46.92,2.67532
4,485,21.38,35.0915,46.92,2.66332
4,486,21.3604,35.0915,46.92,2.67532
4,487,21.3506,35.1262,46.92,2.66332
4,488,21.3702,35.0915,46.92,2.66332
4,489,21.3604,35.0915,48.76,2.66332
4,490,21.3604,35.1262,48.76,2.67532
4,491,21.3506,35.0222,48.76,2.66332
4,492,21.3506,35.0222,48.76,2.67532
4,493,21.331,35.0915,48.76,2.67532
4,494,21.331,35.0915,48.76,2.66332
4,495,21.3212,35.1262,48.76,2.66332
4,496,21.3016,35.0222,48.76,2.66332
4,497,21.3016,35.1609,48.76,2.66332
4,498,21.3016,35.0915,48.76,2.67532
4,499,21.3114,35.0915,48.76,2.65143
4,500,21.3114,35.0222,48.76,2.66332
4,501,21.3114,35.0915,46.92,2.66332
4,502,21.282,35.1262,46.92,2.66332
4,503,21.282,35.0568,46.92,2.65143
4,504,21.3016,35.0222,48.76,2.66332
4,505,21.3114,35.0222,48.76,2.66332
4,506,21.3114,35.0222,48.76,2.67532
4,507,21.3016,35.0915,48.76,2.66332
4,508,21.3016,35.1609,48.76,2.66332
4,509,21.2918,35.1609,48.76,2.65143
4,510,21.282,35.1609,48.76,2.66332
4,511,21.282,35.1609,48.76,2.66332
4,512,21.282,35.1609,48.76,2.66332
4,513,21.2722,35.0915,48.76,2.65143
4,514,21.2722,35.2302,48.76,2.65143
4,515,21.2722,35.1609,48.76,2.66332
4,516,21.282,35.1262,48.76,2.66332
4,517,21.2722,35.1955,48.76,2.67532
4,518,21.2624,35.2302,48.76,2.65143
4,519,21.2722,35.3341,48.76,2.66332
4,520,21.2624,35.2995,48.76,2.66332
4,521,21.2624,35.2302,48.76,2.67532
4,522,21.2526,35.1609,48.76,2.66332
4,523,21.2624,35.0222,48.76,2.66332
4,524,21.2722,35.0222,48.76,2.66332
4,525,21.2624,35.0222,48.76,2.67532
4,526,21.2428,35.2995,48.76,2.65143
4,527,21.2232,35.2995,48.76,2.65143
4,528,21.2134,35.3687,48.76,2.65143
4,529,21.2036,35.438,48.76,2.66332
4,530,21.184,35.3687,48.76,2.66332
4,531,21.184,35.3687,48.76,2.66332
4,532,21.1938,35.3687,48.76,2.66332
4,533,21.1938,35.3341,48.76,2.66332
4,534,21.2036,35.2648,48.76,2.66332
4,535,21.1938,35.3687,48.76,2.66332
4,536,21.184,35.1609,48.76,2.65143
4,537,21.184,35.2302,48.76,2.65143
4,538,21.1742,35.0915,46.92,2.67532
4,539,21.1938,35.1955,46.92,2.67532
4,540,21.184,35.1609,48.76,2.65143
4,541,21.1742,35.1609,48.76,2.66332
4,542,21.184,35.1955,48.76,2.65143
4,543,21.1742,35.2648,48.76,2.66332
4,544,21.184,35.0568,48.76,2.66332
4,545,21.1742,35.0915,48.76,2.66332
4,546,21.1644,35.1609,48.76,2.66332
4,547,21.1742,35.0915,48.76,2.66332
4,548,21.1546,35.1609,48.76,2.66332
4,549,21.1448,35.2302,48.76,2.66332
4,550,21.1448,35.2302,48.76,2.65143
4,551,21.1448,35.2302,48.76,2.65143
4,552,21.1448,35.1955,48.76,2.66332
4,553,21.1448,35.1955,48.76,2.66332
4,554,21.1546,35.2302,46.92,2.65143
4,555,21.1448,35.1609,46.92,2.65143
4,556,21.1252,35.1609,48.76,2.66332
4,557,21.1154,35.1609,48.76,2.65143
4,558,21.0958,35.2648,48.76,2.65143
4,559,21.086,35.2995,48.76,2.65143
4,560,21.086,35.1609,48.76,2.66332
4,561,21.0468,35.1609,48.76,2.65143
4,562,21.0468,35.3687,48.76,2.66332
4,563,21.0566,35.3687,48.76,2.66332
4,564,21.0566,35.1609,48.76,2.66332
4,565,21.0076,35.2302,48.76,2.65143
4,566,21.0076,35.1955,48.76,2.66332
4,567,21.0076,35.2995,48.76,2.66332
4,568,20.9782,35.3687,48.76,2.66332
4,569,20.9978,35.3687,48.76,2.65143
4,570,20.9978,35.4034,48.76,2.66332
4,571,21.0076,35.2995,48.76,2.67532
4,572,20.9978,35.2995,48.76,2.66332
4,573,20.9978,35.4034,48.76,2.65143
4,574,20.988,35.3687,48.76,2.66332
4,575,20.9782,35.2995,48.76,2.66332
4,576,20.9782,35.2302,48.76,2.66332
4,577,20.9782,35.2995,48.76,2.65143
4,578,21.0076,35.0915,48.76,2.65143
4,579,20.988,35.3687,48.76,2.66332
4,580,20.988,35.2995,48.76,2.66332
4,581,20.9782,35.2302,48.76,2.65143
4,582,20.9586,35.3341,48.76,2.65143
4,583,20.8998,35.5418,48.76,2.66332
4,584,20.9096,35.438,46.92,2.66332
4,585,20.9096,35.438,46.92,2.66332
4,586,20.9684,35.3341,45.08,2.65143
4,587,21.0468,35.2648,46.92,2.66332
4,588,21.037,35.0915,46.92,2.66332
4,589,21.0076,35.2302,45.08,2.66332
4,590,20.9488,35.5072,45.08,2.65143
4,591,20.9292,35.5072,46.92,2.65143
4,592,20.9292,35.5072,46.92,2.65143
4,593,20.8802,35.438,46.92,2.65143
4,594,20.89,35.3687,46.92,2.65143
4,595,20.9096,35.3687,48.76,2.66332
4,596,20.8998,35.4034,48.76,2.65143
4,597,20.89,35.438,48.76,2.65143
4,598,20.8802,35.5072,48.76,2.65143
4,599,20.8802,35.611,48.76,2.65143
4,600,20.8704,35.6456,46.92,2.65143
4,601,20.8704,35.6456,48.76,2.65143
4,602,20.8606,35.7148,46.92,2.65143
4,603,20.8704,35.5418,48.76,2.65143
4,604,20.8606,35.5764,48.76,2.65143
4,605,20.8508,35.5764,48.76,2.65143
4,606,20.8508,35.5418,46.92,2.65143
4,607,20.8508,35.5764,46.92,2.65143
4,608,20.8508,35.5072,48.76,2.66332
4,609,20.8508,35.5764,48.76,2.65143
4,610,20.8508,35.5764,48.76,2.65143
4,611,20.8508,35.5764,48.76,2.65143
4,612,20.841,35.5764,46.92,2.66332
4,613,20.841,35.5764,46.92,2.65143
4,614,20.8312,35.438,46.92,2.65143
4,615,20.841,35.438,46.92,2.65143
4,616,20.8508,35.438,48.76,2.65143
4,617,20.841,35.3687,48.76,2.65143
4,618,20.8312,35.438,48.76,2.65143
4,619,20.8214,35.5072,48.76,2.65143
4,620,20.8116,35.5764,48.76,2.65143
4,621,20.8116,35.5764,48.76,2.65143
4,622,20.8018,35.5418,46.92,2.65143
4,623,20.8116,35.5072,46.92,2.65143
4,624,20.792,35.611,48.76,2.65143
4,625,20.7724,35.5764,46.92,2.65143
4,626,20.7724,35.6456,48.76,2.65143
4,627,20.7626,35.7839,46.92,2.65143
4,628,20.7528,35.6456,48.76,2.65143
4,629,20.743,35.7148,46.92,2.65143
4,630,20.743,35.7148,46.92,2.65143
4,631,20.743,35.4726,46.92,2.65143
4,632,20.7332,35.611,48.76,2.65143
4,633,20.7332,35.6456,48.76,2.65143
4,634,20.743,35.6456,48.76,2.65143
4,635,20.7332,35.5418,48.76,2.65143
4,636,20.7332,35.6802,48.76,2.65143
4,637,20.7332,35.5764,46.92,2.65143
4,638,20.7234,35.7839,46.92,2.65143
4,639,20.7234,35.7148,46.92,2.65143
4,640,20.7332,35.5764,48.76,2.65143
4,641,20.7234,35.7494,48.76,2.65143
4,642,20.7038,35.611,48.76,2.65143
4,643,20.6842,35.6456,48.76,2.65143
4,644,20.6744,35.7148,48.76,2.65143
4,645,20.6744,35.7148,48.76,2.65143
4,646,20.6744,35.7839,48.76,2.65143
4,647,20.6646,35.853,46.92,2.65143
4,648,20.6548,35.6456,46.92,2.65143
4,649,20.6548,35.7494,46.92,2.65143
4,650,20.645,35.853,46.92,2.65143
4,651,20.6254,35.8185,46.92,2.65143
4,652,20.596,35.9221,46.92,2.65143
4,653,20.5666,36.0603,46.92,2.65143
4,654,20.5666,35.9221,46.92,2.65143
4,655,20.5666,35.9567,46.92,2.65143
4,656,20.5666,35.8876,46.92,2.65143
4,657,20.5764,35.853,46.92,2.65143
4,658,20.5764,35.853,46.92,2.65143
4,659,20.5666,35.8876,46.92,2.65143
4,660,20.5666,35.853,46.92,2.65143
4,661,20.5568,35.9567,46.92,2.65143
4,662,20.5372,35.9221,46.92,2.65143
4,663,20.547,35.853,46.92,2.65143
4,664,20.5274,35.9221,46.92,2.65143
4,665,20.5176,35.9567,46.92,2.65143
4,666,20.5176,35.9221,46.92,2.65143
4,667,20.5176,36.0603,46.92,2.65143
4,668,20.5176,35.9567,46.92,2.65143
4,669,20.498,35.9221,46.92,2.65143
4,670,20.498,35.9567,46.92,2.65143
4,671,20.4882,35.8185,46.92,2.65143
4,672,20.4882,35.9912,46.92,2.65143
4,673,20.4784,35.9912,46.92,2.65143
4,674,20.4392,35.9912,46.92,2.65143
4,675,20.449,35.9912,46.92,2.65143
4,676,20.4588,35.9912,46.92,2.65143
4,677,20.4588,35.7839,46.92,2.65143
4,678,20.4686,35.8876,46.92,2.65143
4,679,20.4686,35.9567,46.92,2.65143
4,680,20.4196,35.9567,45.08,2.65143
4,681,20.4098,35.9912,45.08,2.65143
4,682,20.4098,35.9912,45.08,2.65143
4,683,20.4098,35.9221,45.08,2.65143
4,684,20.3804,36.0603,45.08,2.65143
4,685,20.3608,36.0603,45.08,2.65143
4,686,20.3608,36.0603,45.08,2.65143
4,687,20.3608,36.1293,45.08,2.65143
4,688,20.351,36.1293,45.08,2.65143
4,689,20.3608,36.0603,45.08,2.65143
4,690,20.3608,36.0257,45.08,2.65143
4,691,20.351,36.1293,45.08,2.65143
4,692,20.351,36.0603,45.08,2.65143
4,693,20.3216,36.0603,45.08,2.65143
4,694,20.302,36.1983,45.08,2.65143
4,695,20.2628,36.1293,45.08,2.65143
4,696,20.253,36.2673,45.08,2.65143
4,697,20.253,36.3362,45.08,2.63964
4,698,20.2334,36.3362,45.08,2.65143
4,699,20.2236,36.3707,45.08,2.65143
4,700,20.2334,36.2673,45.08,2.65143
4,701,20.2432,36.1983,45.08,2.65143
4,702,20.2236,36.2673,45.08,2.65143
4,703,20.2138,36.1983,45.08,2.63964
4,704,20.2138,36.3362,45.08,2.65143
4,705,20.2236,36.2673,45.08,2.65143
4,706,20.2138,36.3362,45.08,2.65143
4,707,20.1942,36.3362,45.08,2.63964
4,708,20.1844,36.3362,45.08,2.65143
4,709,20.204,36.1638,32.2,2.65143
4,710,20.1942,36.4052,14.72,2.65143
4,711,20.1942,36.3362,1.84,2.65143
4,712,20.1648,36.543,2.3,2.65143
4,713,20.1354,36.543,2.3,2.65143
4,714,20.1354,36.4741,2.3,2.65143
4,715,20.1256,36.4052,2.3,2.65143
4,716,20.1354,36.4396,2.3,2.65143
4,717,20.1256,36.4741,2.3,2.65143
4,718,20.1256,36.4741,2.3,2.65143
4,719,20.106,36.3362,2.3,2.65143
4,720,20.106,36.3362,2.3,2.65143
4,721,20.106,36.4741,2.3,2.65143
4,722,20.0962,36.4396,2.3,2.65143
4,723,20.1256,36.2673,2.3,2.65143
4,724,20.1158,36.3362,2.3,2.65143
4,725,20.1158,36.4052,2.3,2.63964
4,726,20.106,36.4741,2.3,2.65143
4,727,20.0766,36.4741,2.3,2.65143
4,728,20.0472,36.543,2.3,2.63964
4,729,20.008,36.6118,2.3,2.65143
4,730,19.9884,36.6807,2.3,2.65143
4,731,19.9786,36.7495,2.3,2.65143
4,732,19.9688,36.6807,2.3,2.65143
4,733,19.9688,36.6807,2.3,2.65143
4,734,19.9688,36.7495,2.3,2.65143
4,735,19.9688,36.7839,2.3,2.65143
4,736,19.9492,36.7495,2.3,2.63964
4,737,19.9394,36.6463,2.3,2.65143
4,738,19.9198,36.8183,2.3,2.65143
4,739,19.91,36.8527,2.3,2.63964
4,740,19.8904,36.9559,2.3,2.63964
4,741,19.8904,36.8527,2.3,2.65143
4,742,19.8904,36.9559,2.3,2.65143
4,743,19.8708,36.9215,2.3,2.63964
4,744,19.8708,36.9559,2.3,2.65143
4,745,19.8708,36.8871,2.3,2.65143
4,746,19.8708,36.6807,2.3,2.65143
4,747,19.861,36.8871,2.3,2.65143
4,748,19.8708,36.9902,0.92,2.63964
4,749,19.8414,37.0246,0.92,2.65143
4,750,19.8512,37.059,0.92,2.65143
4,751,19.8316,36.9559,0.92,2.63964
4,752,19.8316,37.0246,0.92,2.63964
4,753,19.8218,37.0246,0.92,2.65143
4,754,19.812,37.0933,0.92,2.65143
4,755,19.812,37.059,0.92,2.63964
4,756,19.812,36.9215,0.92,2.65143
4,757,19.7924,37.162,0.92,2.63964
4,758,19.7924,37.0246,0.92,2.63964
4,759,19.7826,37.0246,0.92,2.65143
4,760,19.7924,37.1277,0.92,2.65143
4,761,19.7826,37.0246,0.92,2.65143
4,762,19.7728,37.0933,0.92,2.65143
4,763,19.7728,37.0933,0.92,2.65143
4,764,19.7728,37.162,0.92,2.63964
4,765,19.7532,37.0933,0.92,2.65143
4,766,19.7434,37.0933,0.92,2.65143
4,767,19.7336,37.0933,0.92,2.65143
4,768,19.6944,37.162,0.92,2.63964
4,769,19.6846,37.162,0.92,2.63964
4,770,19.6944,37.059,0.92,2.65143
4,771,19.6846,37.2307,0.92,2.65143
4,772,19.665,37.1277,0.92,2.65143
4,773,19.6356,37.2993,0.92,2.65143
4,774,19.6258,37.265,0.92,2.63964
4,775,19.616,37.1277,0.92,2.65143
4,776,19.616,37.265,0.92,2.63964
4,777,19.5964,37.2993,0.92,2.65143
4,778,19.616,37.2307,0.92,2.63964
4,779,19.616,37.2307,0.92,2.65143
4,780,19.616,37.2307,0.92,2.63964
4,781,19.6062,37.2307,0.92,2.65143
4,782,19.5866,37.2307,0.92,2.65143
4,783,19.5866,37.265,0.92,2.65143
4,784,19.567,37.2307,0.92,2.63964
4,785,19.5572,37.265,0.92,2.65143
4,786,19.5474,37.2993,0.92,2.65143
4,787,19.5278,37.3679,0.92,2.63964
4,788,19.4886,37.4365,0.92,2.63964
4,789,19.4788,37.4365,0.92,2.65143
4,790,19.4788,37.3679,0.92,2.63964
4,791,19.4788,37.3679,0.92,2.63964
4,792,19.4788,37.2993,0.92,2.63964
4,793,19.4886,37.4022,0.92,2.63964
4,794,19.4984,37.3679,0.92,2.63964
4,795,19.4984,37.4365,0.92,2.63964
4,796,19.4788,37.4022,0.92,2.63964
4,797,19.4788,37.4022,0.92,2.63964
4,798,19.4788,37.2993,0.92,2.63964
4,799,19.4788,37.3679,0.92,2.65143
4,800,19.4788,37.3336,0.92,2.65143
4,801,19.4788,37.3336,0.92,2.65143
4,802,19.4788,37.265,0.92,2.63964
4,803,19.4592,37.265,0.92,2.63964
4,804,19.4592,37.2307,0.92,2.63964
4,805,19.4396,37.2307,0.92,2.63964
4,806,19.4396,37.2993,0.92,2.63964
4,807,19.4298,37.3336,0.92,2.63964
4,808,19.4298,37.3336,0.92,2.63964
4,809,19.42,37.2993,0.92,2.63964
4,810,19.4102,37.3336,0.92,2.63964
4,811,19.42,37.2993,0.92,2.63964
4,812,19.42,37.2993,0.92,2.63964
4,813,19.4102,37.2993,0.92,2.63964
4,814,19.42,37.2307,0.92,2.63964
4,815,19.4004,37.3336,0.92,2.63964
4,816,19.4004,37.265,0.92,2.63964
4,817,19.4102,37.2307,0.92,2.62796
4,818,19.4004,37.3336,0.92,2.63964
4,819,19.4004,37.2993,0.92,2.63964
4,820,19.3906,37.2307,0.92,2.63964
4,821,19.3808,37.2993,0.92,2.65143
4,822,19.3808,37.2307,0.92,2.63964
4,823,19.371,37.3336,0.92,2.63964
4,824,19.3612,37.2307,0.92,2.63964
4,825,19.3612,37.2307,0.92,2.63964
4,826,19.3612,37.1963,0.92,2.63964
4,827,19.3612,37.265,0.92,2.63964
4,828,19.3416,37.265,0.92,2.63964
4,829,19.3416,37.2993,0.92,2.63964
4,830,19.3318,37.265,0.92,2.63964
4,831,19.322,37.3679,0.92,2.63964
4,832,19.3318,37.2993,0.92,2.63964
4,833,19.322,37.2993,0.92,2.63964
4,834,19.3416,37.1277,0.92,2.63964
4,835,19.3416,37.2993,0.92,2.65143
4,836,19.3024,37.265,0.92,2.65143
4,837,19.322,37.2307,0.92,2.62796
4,838,19.322,37.2307,0.92,2.63964
4,839,19.3318,37.1277,0.92,2.63964
4,840,19.3024,37.2307,0.92,2.63964
4,841,19.2828,37.2993,0.92,2.63964
4,842,19.2828,37.3336,0.92,2.63964
4,843,19.2828,37.2307,0.92,2.63964
4,844,19.273,37.2307,0.92,2.62796
4,845,19.2632,37.3336,0.92,2.63964
4,846,19.273,37.2307,0.92,2.62796
4,847,19.2436,37.3336,0.92,2.63964
4,848,19.2436,37.2993,0.92,2.63964
4,849,19.2436,37.3679,0.92,2.63964
4,850,19.2338,37.3679,0.92,2.63964
4,851,19.2436,37.3679,0.92,2.63964
4,852,19.224,37.3679,0.92,2.63964
4,853,19.224,37.2993,0.92,2.63964
4,854,19.224,37.2993,0.92,2.62796
4,855,19.2142,37.2993,0.92,2.63964
4,856,19.2142,37.4365,0.92,2.63964
4,857,19.224,37.3679,0.92,2.62796
4,858,19.224,37.3336,0.92,2.62796
4,859,19.2142,37.2993,0.92,2.63964
4,860,19.224,37.4022,0.92,2.62796
4,861,19.2142,37.4022,0.92,2.62796
4,862,19.2142,37.3679,0.92,2.63964
4,863,19.2142,37.3679,0.92,2.62796
4,864,19.2044,37.3336,0.92,2.63964
4,865,19.2044,37.265,0.92,2.62796
4,866,19.1946,37.3679,0.92,2.63964
4,867,19.2044,37.4022,0.92,2.63964
4,868,19.1848,37.3679,0.92,2.63964
4,869,19.1848,37.2993,1.84,2.65143
4,870,19.175,37.2993,1.84,2.62796
4,871,19.1358,37.4365,1.84,2.63964
4,872,19.1456,37.4365,1.84,2.63964
4,873,19.1456,37.4022,1.84,2.63964
4,874,19.1456,37.4365,1.84,2.62796
4,875,19.1456,37.3679,1.84,2.63964
4,876,19.1456,37.3679,1.84,2.63964
4,877,19.1456,37.4365,1.84,2.63964
4,878,19.126,37.4365,1.84,2.62796
4,879,19.1358,37.4365,1.84,2.62796
4,880,19.126,37.5051,1.84,2.63964
4,881,19.1064,37.4365,1.84,2.63964
4,882,19.0868,37.3336,1.84,2.62796
4,883,19.0966,37.3679,1.84,2.63964
4,884,19.077,37.4708,1.84,2.63964
4,885,19.0672,37.4365,1.84,2.63964
4,886,19.0574,37.4365,1.84,2.63964
4,887,19.0672,37.4365,1.84,2.63964
4,888,19.0672,37.4365,1.84,2.63964
4,889,19.0672,37.4365,1.84,2.63964
4,890,19.0672,37.3336,1.84,2.63964
4,891,19.0476,37.5051,1.84,2.63964
4,892,19.0476,37.5394,1.84,2.62796
4,893,19.0378,37.5051,1.84,2.63964
4,894,19.0476,37.5051,1.84,2.62796
4,895,19.0476,37.5051,1.84,2.63964
4,896,19.0476,37.5394,1.84,2.63964
4,897,19.0476,37.4708,1.84,2.65143
4,898,19.0378,37.5051,0.92,2.62796
4,899,19.028,37.4365,0.92,2.63964
4,900,19.028,37.3679,0.92,2.63964
4,901,19.0378,37.4365,0.92,2.63964
4,902,19.0182,37.4708,0.92,2.63964
4,903,19.028,37.4022,0.92,2.62796
4,904,19.0182,37.5051,0.92,2.63964
4,905,19.0084,37.5051,0.92,2.63964
4,906,19.0084,37.5051,0.92,2.63964
4,907,19.0084,37.3679,0.92,2.63964
4,908,18.9888,37.3679,0.92,2.63964
4,909,19.0084,37.4365,0.92,2.62796
4,910,18.9888,37.4365,0.92,2.63964
4,911,18.9888,37.5394,0.92,2.63964
4,912,18.9888,37.4365,0.92,2.63964
4,913,18.979,37.5051,0.92,2.63964
4,914,18.9594,37.5051,0.92,2.63964
4,915,18.9692,37.4708,0.92,2.63964
4,916,18.9692,37.5051,0.92,2.63964
4,917,18.9692,37.4365,0.92,2.63964
4,918,18.9496,37.5737,0.92,2.63964
4,919,18.9398,37.5737,0.92,2.63964
4,920,18.9496,37.5051,0.92,2.62796
4,921,18.9398,37.5051,0.92,2.62796
4,922,18.9398,37.4708,0.92,2.63964
4,923,18.9398,37.4708,0.92,2.63964
4,924,18.9398,37.4365,0.92,2.62796
4,925,18.93,37.5394,0.92,2.63964
4,926,18.93,37.4708,0.92,2.63964
4,927,18.93,37.5051,0.92,2.62796
4,928,18.9104,37.5051,0.92,2.62796
4,929,18.9006,37.4365,0.92,2.62796
4,930,18.8908,37.5737,0.92,2.63964
4,931,18.8908,37.5737,0.92,2.62796
4,932,18.8908,37.5051,0.92,2.63964
4,933,18.881,37.5051,0.92,2.62796
4,934,18.881,37.5737,0.92,2.62796
4,935,18.8712,37.5051,0.92,2.62796
4,936,18.8712,37.5737,0.92,2.63964
4,937,18.8712,37.5051,0.92,2.63964
4,938,18.8516,37.5737,0.92,2.63964
4,939,18.8516,37.5051,0.92,2.63964
4,940,18.8124,37.5051,0.92,2.62796
4,941,18.8124,37.5394,0.92,2.63964
4,942,18.8026,37.5051,0.92,2.62796
4,943,18.8124,37.5394,0.92,2.62796
4,944,18.8124,37.5394,0.92,2.62796
4,945,18.7928,37.5051,0.92,2.62796
4,946,18.7928,37.5737,0.92,2.62796
4,947,18.7928,37.6765,0.92,2.62796
4,948,18.783,37.5737,0.92,2.62796
4,949,18.7732,37.5737,0.92,2.62796
4,950,18.7732,37.6079,0.92,2.62796
4,951,18.7732,37.7107,0.92,2.63964
4,952,18.7732,37.5737,0.92,2.62796
4,953,18.7536,37.5051,0.92,2.62796
4,954,18.734,37.6422,0.92,2.63964
4,955,18.734,37.5737,0.92,2.63964
4,956,18.7144,37.6422,0.92,2.62796
4,957,18.7144,37.6422,0.92,2.62796
4,958,18.7144,37.6765,0.92,2.62796
4,959,18.685,37.6422,0.92,2.63964
4,960,18.6948,37.7107,0.92,2.63964
4,961,18.6948,37.7107,0.92,2.62796
4,962,18.6948,37.6422,0.92,2.62796
4,963,18.7046,37.6079,0.92,2.62796
4,964,18.7046,37.5737,0.92,2.63964
4,965,18.6948,37.6765,0.92,2.62796
4,966,18.6948,37.6765,0.92,2.62796
4,967,18.7046,37.7107,0.92,2.63964
4,968,18.6948,37.6765,0.92,2.62796
4,969,18.6752,37.5737,1.84,2.62796
4,970,18.6752,37.7107,1.84,2.62796
4,971,18.6556,37.7107,1.84,2.62796
4,972,18.6458,37.745,1.84,2.63964
4,973,18.636,37.745,1.84,2.62796
4,974,18.636,37.7107,1.84,2.62796
4,975,18.636,37.7107,1.84,2.62796
4,976,18.636,37.745,1.84,2.62796
4,977,18.636,37.7792,1.84,2.62796
4,978,18.6262,37.7107,1.84,2.62796
4,979,18.6164,37.7107,1.84,2.62796
4,980,18.6164,37.6765,1.84,2.62796
4,981,18.6164,37.7107,1.84,2.63964
4,982,18.587,37.7792,1.84,2.62796
4,983,18.587,37.7792,1.84,2.62796
4,984,18.5968,37.7792,1.84,2.61639
4,985,18.6066,37.745,1.84,2.62796
4,986,18.5968,37.7107,1.84,2.62796
4,987,18.5968,37.745,1.84,2.62796
4,988,18.6066,37.745,1.84,2.62796
4,989,18.5772,37.745,1.84,2.62796
4,990,18.5576,37.7792,1.84,2.62796
4,991,18.5576,37.745,1.84,2.62796
4,992,18.5576,37.7792,1.84,2.62796
4,993,18.538,37.7792,1.84,2.63964
4,994,18.538,37.8477,1.84,2.62796
4,995,18.538,37.745,1.84,2.62796
4,996,18.538,37.745,1.84,2.62796
4,997,18.5184,37.8134,1.84,2.62796
4,998,18.538,37.8134,1.84,2.62796
4,999,18.5184,37.8477,1.84,2.62796
4,1000,18.5184,37.8134,1.84,2.62796
4,1001,18.5086,37.8477,1.84,2.62796
4,1002,18.5184,37.8134,1.84,2.62796
4,1003,18.5086,37.8477,1.84,2.62796
4,1004,18.5086,37.8134,1.84,2.62796
4,1005,18.4988,37.8134,1.84,2.63964
4,1006,18.5086,37.745,1.84,2.62796
4,1007,18.4988,37.7792,1.84,2.62796
4,1008,18.489,37.745,1.84,2.62796
4,1009,18.4694,37.7792,1.84,2.62796
4,1010,18.4694,37.7107,1.84,2.62796
4,1011,18.4694,37.7792,1.84,2.62796
4,1012,18.4596,37.8134,1.84,2.62796
4,1013,18.4498,37.745,1.84,2.63964
4,1014,18.4596,37.7792,1.84,2.62796
4,1015,18.4596,37.745,1.84,2.62796
4,1016,18.4498,37.7792,1.84,2.62796
4,1017,18.4596,37.7792,1.84,2.62796
4,1018,18.44,37.7792,0.92,2.62796
4,1019,18.44,37.7107,0.92,2.62796
4,1020,18.44,37.745,0.92,2.62796
4,1021,18.4302,37.7792,0.92,2.62796
4,1022,18.4302,37.7792,0.92,2.62796
4,1023,18.4204,37.8477,0.92,2.62796
4,1024,18.4106,37.8477,0.92,2.62796

