4.5,1,18.4008,37.8477,0.92,2.62796
4.5,2,18.4008,37.8477,0.92,2.62796
4.5,3,18.4008,37.8477,0.92,2.62796
4.5,4,18.4008,37.8477,0.92,2.63964
4.5,5,18.4008,37.745,0.92,2.62796
4.5,6,18.4008,37.8477,0.92,2.62796
4.5,7,18.391,37.8134,0.92,2.62796
4.5,8,18.4008,37.8134,0.92,2.62796
4.5,9,18.3812,37.8477,0.92,2.62796
4.5,10,18.3812,37.9845,0.92,2.62796
4.5,11,18.3812,37.9161,0.92,2.62796
4.5,12,18.3812,37.9845,0.92,2.62796
4.5,13,18.391,37.9845,0.92,2.62796
4.5,14,18.4008,37.9503,0.92,2.62796
4.5,15,18.4106,37.8819,0.92,2.62796
4.5,16,18.4008,37.9161,0.92,2.62796
4.5,17,18.4008,37.9161,0.92,2.62796
4.5,18,18.4008,37.9161,0.92,2.61639
4.5,19,18.391,38.0187,0.92,2.62796
4.5,20,18.3812,37.9845,0.92,2.62796
4.5,21,18.3812,37.9161,0.92,2.62796
4.5,22,18.4008,37.9161,0.92,2.62796
4.5,23,18.4008,37.9503,0.92,2.62796
4.5,24,18.4008,37.9845,0.92,2.63964
4.5,25,18.391,38.0187,0.92,2.62796
4.5,26,18.391,37.9845,0.92,2.62796
4.5,27,18.391,38.0187,0.92,2.62796
4.5,28,18.3812,38.0529,0.92,2.61639
4.5,29,18.391,38.0529,0.92,2.62796
4.5,30,18.4008,38.0187,0.92,2.61639
4.5,31,18.391,37.9845,0.92,2.62796
4.5,32,18.3812,38.0187,0.92,2.62796
4.5,33,18.3812,38.0187,0.92,2.61639
4.5,34,18.3714,38.0529,0.92,2.62796
4.5,35,18.3616,38.0871,0.92,2.62796
4.5,36,18.3518,38.0529,0.92,2.61639
4.5,37,18.3518,38.0871,0.92,2.62796
4.5,38,18.3518,38.1555,0.92,2.62796
4.5,39,18.3616,38.1213,0.92,2.62796
4.5,40,18.3616,38.1897,0.92,2.61639
4.5,41,18.342,38.1897,0.92,2.62796
4.5,42,18.3518,38.1213,0.92,2.62796
4.5,43,18.3518,38.0871,0.92,2.62796
4.5,44,18.3616,38.1213,0.92,2.62796
4.5,45,18.342,38.1555,0.92,2.62796
4.5,46,18.3714,38.1555,0.92,2.62796
4.5,47,18.3616,38.1897,0.92,2.62796
4.5,48,18.3616,38.1897,0.92,2.62796
4.5,49,18.3518,38.1213,0.92,2.62796
4.5,50,18.3616,38.1897,0.92,2.62796
4.5,51,18.3518,38.1897,0.92,2.62796
4.5,52,18.3518,38.1897,0.92,2.62796
4.5,53,18.342,38.1897,0.92,2.62796
4.5,54,18.342,38.258,0.92,2.62796
4.5,55,18.3322,38.258,0.92,2.62796
4.5,56,18.3224,38.2239,0.92,2.62796
4.5,57,18.3322,38.2239,0.92,2.62796
4.5,58,18.3224,38.1897,0.92,2.62796
4.5,59,18.3224,38.258,0.92,2.62796
4.5,60,18.3224,38.258,0.92,2.62796
4.5,61,18.3028,38.1897,0.92,2.62796
4.5,62,18.3224,38.258,0.92,2.62796
4.5,63,18.3028,38.3263,0.92,2.62796
4.5,64,18.3028,38.258,0.92,2.62796
4.5,65,18.2832,38.3263,0.92,2.62796
4.5,66,18.3028,38.2922,1.38,2.62796
4.5,67,18.293,38.1897,1.38,2.62796
4.5,68,18.2832,38.3263,1.38,2.62796
4.5,69,18.2636,38.3263,1.38,2.62796
4.5,70,18.2832,38.3263,1.38,2.62796
4.5,71,18.2734,38.3605,1.38,2.62796
4.5,72,18.2636,38.3946,1.38,2.62796
4.5,73,18.2636,38.3263,1.38,2.61639
4.5,74,18.2734,38.3946,1.38,2.62796
4.5,75,18.2636,38.3946,1.38,2.62796
4.5,76,18.244,38.4287,1.84,2.62796
4.5,77,18.2538,38.3946,1.84,2.62796
4.5,78,18.2538,38.4287,1.84,2.62796
4.5,79,18.2538,38.4287,2.3,2.62796
4.5,80,18.244,38.4287,2.3,2.62796
4.5,81,18.2636,38.4287,2.3,2.62796
4.5,82,18.2636,38.4287,3.68,2.61639
4.5,83,18.2636,38.258,3.68,2.62796
4.5,84,18.2734,38.3263,4.14,2.62796
4.5,85,18.2832,38.3263,4.6,2.62796
4.5,86,18.2636,38.3263,4.6,2.62796
4.5,87,18.2636,38.3605,5.06,2.62796
4.5,88,18.2636,38.3946,5.06,2.62796
4.5,89,18.244,38.3946,5.52,2.62796
4.5,90,18.244,38.4287,5.98,2.61639
4.5,91,18.2244,38.3946,5.98,2.62796
4.5,92,18.244,38.3946,6.44,2.62796
4.5,93,18.244,38.3946,6.9,2.62796
4.5,94,18.244,38.3946,7.36,2.62796
4.5,95,18.244,38.4629,7.36,2.62796
4.5,96,18.2538,38.3946,7.36,2.62796
4.5,97,18.2636,38.3605,8.28,2.62796
4.5,98,18.244,38.3946,8.28,2.62796
4.5,99,18.2342,38.4629,9.2,2.62796
4.5,100,18.2342,38.4629,10.12,2.62796
4.5,101,18.2244,38.4629,11.04,2.62796
4.5,102,18.244,38.3946,11.04,2.62796
4.5,103,18.2538,38.3946,11.96,2.62796
4.5,104,18.244,38.3263,12.88,2.62796
4.5,105,18.244,38.3946,12.88,2.61639
4.5,106,18.2342,38.4287,12.88,2.62796
4.5,107,18.244,38.3605,13.8,2.61639
4.5,108,18.2244,38.3946,13.8,2.62796
4.5,109,18.2342,38.3946,14.72,2.62796
4.5,110,18.2342,38.3946,14.72,2.61639
4.5,111,18.2538,38.3263,15.64,2.62796
4.5,112,18.244,38.3263,16.56,2.61639
4.5,113,18.2538,38.3263,16.56,2.62796
4.5,114,18.2342,38.3605,17.48,2.62796
4.5,115,18.244,38.3605,18.4,2.61639
4.5,116,18.2244,38.3946,18.4,2.62796
4.5,117,18.2244,38.4629,18.4,2.61639
4.5,118,18.244,38.4629,19.32,2.62796
4.5,119,18.244,38.3946,19.32,2.62796
4.5,120,18.2538,38.3946,20.24,2.61639
4.5,121,18.2636,38.258,20.24,2.62796
4.5,122,18.2538,38.3263,23,2.62796
4.5,123,18.2538,38.3946,26.68,2.62796
4.5,124,18.6654,37.5737,35.88,2.62796
4.5,125,19.0966,36.6118,45.08,2.62796
4.5,126,19.567,35.7494,57.04,2.62796
4.5,127,20.2628,34.2577,64.4,2.63964
4.5,128,20.5078,33.8396,57.04,2.65143
4.5,129,20.6646,33.5604,53.36,2.65143
4.5,130,20.8704,33.2108,57.04,2.65143
4.5,131,21.0076,33.0009,68.08,2.65143
4.5,132,21.1154,32.7206,79.12,2.65143
4.5,133,21.282,32.44,86.48,2.65143
4.5,134,21.4388,32.2293,90.16,2.65143
4.5,135,21.5172,32.159,93.84,2.65143
4.5,136,21.8112,31.8072,101.2,2.65143
4.5,137,21.8896,31.6664,104.88,2.65143
4.5,138,21.9582,31.5959,104.88,2.65143
4.5,139,22.0366,31.4549,101.2,2.65143
4.5,140,22.1444,31.3491,86.48,2.65143
4.5,141,22.2032,31.2786,82.8,2.65143
4.5,142,22.262,31.2433,90.16,2.66332
4.5,143,22.2914,31.1727,101.2,2.66332
4.5,144,22.3894,31.0314,86.48,2.65143
4.5,145,22.4286,31.0314,97.52,2.65143
4.5,146,22.4776,31.0314,108.56,2.66332
4.5,147,22.556,30.8547,121.44,2.66332
4.5,148,22.6148,30.784,150.88,2.66332
4.5,149,22.654,30.784,158.24,2.67532
4.5,150,22.8108,30.5363,150.88,2.66332
4.5,151,22.8598,30.4655,150.88,2.66332
4.5,152,22.8892,30.3947,165.6,2.66332
4.5,153,22.9186,30.3238,172.96,2.66332
4.5,154,22.9872,30.2529,172.96,2.66332
4.5,155,23.046,30.1465,180.32,2.67532
4.5,156,23.046,30.182,172.96,2.67532
4.5,157,23.0558,30.182,172.96,2.66332
4.5,158,23.0852,30.1111,172.96,2.66332
4.5,159,23.095,30.1111,158.24,2.66332
4.5,160,23.144,30.1111,172.96,2.67532
4.5,161,23.1832,30.0401,158.24,2.67532
4.5,162,23.193,30.0401,172.96,2.66332
4.5,163,23.2224,29.9691,202.4,2.67532
4.5,164,23.3204,29.8626,209.76,2.67532
4.5,165,23.3302,29.8271,224.48,2.67532
4.5,166,23.3498,29.7916,224.48,2.67532
4.5,167,23.3498,29.7561,235.52,2.67532
4.5,168,23.3596,29.7561,235.52,2.67532
4.5,169,23.4086,29.685,235.52,2.67532
4.5,170,23.3988,29.685,235.52,2.67532
4.5,171,23.4282,29.685,235.52,2.67532
4.5,172,23.487,29.6139,235.52,2.67532
4.5,173,23.5066,29.6139,250.24,2.67532
4.5,174,23.536,29.6139,250.24,2.67532
4.5,175,23.5948,29.5428,264.96,2.67532
4.5,176,23.5948,29.4717,264.96,2.67532
4.5,177,23.6634,29.4005,264.96,2.67532
4.5,178,23.7124,29.3293,264.96,2.67532
4.5,179,23.7124,29.3293,264.96,2.67532
4.5,180,23.7222,29.3293,264.96,2.67532
4.5,181,23.7222,29.3649,264.96,2.67532
4.5,182,23.7516,29.3293,279.68,2.67532
4.5,183,23.7712,29.3293,224.48,2.67532
4.5,184,23.7614,29.3649,279.68,2.67532
4.5,185,23.7908,29.4005,279.68,2.67532
4.5,186,23.83,29.3293,264.96,2.67532
4.5,187,23.8104,29.3293,279.68,2.66332
4.5,188,23.8398,29.3293,279.68,2.68742
4.5,189,23.879,29.3293,279.68,2.67532
4.5,190,23.8888,29.2581,279.68,2.67532
4.5,191,23.9182,29.3293,279.68,2.67532
4.5,192,23.928,29.3293,264.96,2.67532
4.5,193,23.9476,29.2581,279.68,2.67532
4.5,194,23.9966,29.2581,279.68,2.67532
4.5,195,23.977,29.1869,279.68,2.68742
4.5,196,24.0064,29.1869,294.4,2.67532
4.5,197,24.026,29.1869,250.24,2.67532
4.5,198,24.0652,29.1157,250.24,2.67532
4.5,199,24.1142,29.1157,309.12,2.68742
4.5,200,24.2024,28.8661,309.12,2.67532
4.5,201,24.2122,28.8305,309.12,2.68742
4.5,202,24.1534,28.9375,309.12,2.67532
4.5,203,24.1044,29.08,309.12,2.68742
4.5,204,24.124,29.0444,323.84,2.68742
4.5,205,24.124,29.0444,323.84,2.67532
4.5,206,24.1828,28.9731,323.84,2.68742
4.5,207,24.2416,28.9018,323.84,2.68742
4.5,208,24.2906,28.8661,323.84,2.68742
4.5,209,24.32,28.8305,323.84,2.68742
4.5,210,24.32,28.8305,323.84,2.68742
4.5,211,24.3004,28.8305,323.84,2.67532
4.5,212,24.2612,28.8305,323.84,2.68742
4.5,213,24.2318,28.9018,323.84,2.67532
4.5,214,24.1828,28.9731,323.84,2.67532
4.5,215,24.124,29.08,323.84,2.68742
4.5,216,24.0554,29.1513,323.84,2.67532
4.5,217,24.026,29.2581,323.84,2.67532
4.5,218,23.6928,29.8271,323.84,2.67532
4.5,219,23.6634,29.9336,323.84,2.67532
4.5,220,23.6634,29.8981,323.84,2.67532
4.5,221,23.634,29.9691,323.84,2.67532
4.5,222,23.5752,30.0401,323.84,2.67532
4.5,223,23.4576,30.2529,323.84,2.67532
4.5,224,23.4184,30.2529,323.84,2.67532
4.5,225,23.389,30.4301,323.84,2.67532
4.5,226,23.3596,30.5363,323.84,2.67532
4.5,227,23.34,30.5363,294.4,2.67532
4.5,228,23.34,30.5363,309.12,2.67532
4.5,229,23.34,30.4655,294.4,2.67532
4.5,230,23.2812,30.7486,294.4,2.66332
4.5,231,23.2714,30.8901,323.84,2.66332
4.5,232,23.3988,30.5363,323.84,2.67532
4.5,233,23.4478,30.4655,323.84,2.66332
4.5,234,23.4772,30.3947,323.84,2.67532
4.5,235,23.487,30.4655,323.84,2.67532
4.5,236,23.5654,30.2529,323.84,2.66332
4.5,237,23.5752,30.3238,323.84,2.68742
4.5,238,23.683,30.0401,323.84,2.67532
4.5,239,23.7712,30.0046,323.84,2.67532
4.5,240,23.8496,29.8981,323.84,2.67532
4.5,241,23.8888,29.7916,323.84,2.67532
4.5,242,23.9084,29.685,323.84,2.68742
4.5,243,23.8104,29.8626,323.84,2.67532
4.5,244,23.8398,29.8271,323.84,2.67532
4.5,245,23.977,29.7205,323.84,2.67532
4.5,246,24.026,29.6139,323.84,2.68742
4.5,247,24.1632,29.4361,323.84,2.67532
4.5,248,24.222,29.3293,323.84,2.68742
4.5,249,24.2318,29.2581,323.84,2.68742
4.5,250,24.369,29.1157,323.84,2.67532
4.5,251,24.3592,29.1513,323.84,2.68742
4.5,252,24.4082,29.0444,309.12,2.68742
4.5,253,24.4376,28.9731,294.4,2.68742
4.5,254,24.516,28.9018,309.12,2.68742
4.5,255,24.4964,28.8305,323.84,2.68742
4.5,256,24.4964,28.8305,323.84,2.68742
4.5,257,24.5748,28.7948,323.84,2.68742
4.5,258,24.467,28.8305,323.84,2.68742
4.5,259,24.4768,28.9018,323.84,2.69964
4.5,260,24.418,28.9731,338.56,2.68742
4.5,261,24.4474,28.9018,338.56,2.67532
4.5,262,24.4572,28.9018,338.56,2.68742
4.5,263,24.5748,28.9375,338.56,2.68742
4.5,264,24.4572,28.8305,338.56,2.68742
4.5,265,24.418,29.0444,338.56,2.67532
4.5,266,24.4768,28.9731,338.56,2.68742
4.5,267,24.565,28.8305,338.56,2.68742
4.5,268,24.5846,28.7591,338.56,2.68742
4.5,269,24.5944,28.6877,309.12,2.68742
4.5,270,24.5258,28.8305,309.12,2.68742
4.5,271,24.5944,28.8305,294.4,2.68742
4.5,272,24.5748,28.7234,294.4,2.68742
4.5,273,24.6042,28.8305,294.4,2.68742
4.5,274,24.6238,28.6877,294.4,2.68742
4.5,275,24.7414,28.6163,294.4,2.68742
4.5,276,24.6924,28.5092,294.4,2.68742
4.5,277,24.7512,28.4735,294.4,2.68742
4.5,278,24.7218,28.652,323.84,2.68742
4.5,279,24.7904,28.4735,323.84,2.68742
4.5,280,24.7806,28.402,338.56,2.68742
4.5,281,24.81,28.4735,338.56,2.68742
4.5,282,24.761,28.4735,338.56,2.68742
4.5,283,24.7708,28.6163,338.56,2.68742
4.5,284,24.81,28.5449,338.56,2.68742
4.5,285,24.8492,28.4735,338.56,2.68742
4.5,286,24.761,28.5092,353.28,2.68742
4.5,287,24.7708,28.6163,353.28,2.68742
4.5,288,24.8296,28.5449,353.28,2.68742
4.5,289,24.81,28.4735,353.28,2.68742
4.5,290,24.8884,28.4735,338.56,2.69964
4.5,291,24.9962,28.2232,338.56,2.68742
4.5,292,24.9962,28.3305,353.28,2.68742
4.5,293,25.0452,28.259,353.28,2.68742
4.5,294,25.0648,28.259,353.28,2.68742
4.5,295,25.0354,28.259,353.28,2.68742
4.5,296,25.0844,28.259,368,2.68742
4.5,297,25.0942,28.259,368,2.68742
4.5,298,25.1726,28.1875,353.28,2.68742
4.5,299,25.2608,28.1875,353.28,2.68742
4.5,300,25.3294,28.0443,368,2.68742
4.5,301,25.2804,28.1159,368,2.68742
4.5,302,25.3196,27.9727,368,2.68742
4.5,303,25.4176,27.9727,382.72,2.68742
4.5,304,25.4568,27.9011,368,2.69964
4.5,305,25.5548,27.7219,368,2.69964
4.5,306,25.5058,27.7578,368,2.69964
4.5,307,25.398,27.9011,368,2.69964
4.5,308,25.3588,27.9727,353.28,2.69964
4.5,309,25.4372,27.9369,368,2.69964
4.5,310,25.4764,27.9011,368,2.69964
4.5,311,25.4372,27.9369,368,2.68742
4.5,312,25.4176,27.9727,368,2.69964
4.5,313,25.4176,27.9011,368,2.69964
4.5,314,25.3686,27.9727,382.72,2.69964
4.5,315,25.4176,28.0443,382.72,2.69964
4.5,316,25.4176,28.0443,382.72,2.69964
4.5,317,25.398,27.9727,382.72,2.69964
4.5,318,25.4274,27.9727,382.72,2.69964
4.5,319,25.4568,27.9727,382.72,2.69964
4.5,320,25.5156,27.8653,382.72,2.68742
4.5,321,25.4666,27.8294,382.72,2.68742
4.5,322,25.496,27.9011,382.72,2.69964
4.5,323,25.545,27.9011,368,2.69964
4.5,324,25.7116,27.6502,382.72,2.69964
4.5,325,25.8194,27.5426,368,2.69964
4.5,326,25.8194,27.4709,368,2.69964
4.5,327,25.8684,27.3273,368,2.69964
4.5,328,25.8194,27.2555,382.72,2.69964
4.5,329,25.6528,27.7219,382.72,2.68742
4.5,330,25.7704,27.6144,382.72,2.68742
4.5,331,25.7312,27.6144,382.72,2.69964
4.5,332,25.7998,27.5426,382.72,2.69964
4.5,333,25.8194,27.4709,382.72,2.69964
4.5,334,26.084,27.1836,368,2.71196
4.5,335,26.0154,27.1836,382.72,2.69964
4.5,336,25.937,27.2914,382.72,2.69964
4.5,337,25.9566,27.2914,382.72,2.69964
4.5,338,25.937,27.2914,382.72,2.69964
4.5,339,25.8978,27.3273,382.72,2.69964
4.5,340,25.8194,27.435,382.72,2.69964
4.5,341,25.888,27.3991,353.28,2.69964
4.5,342,25.9664,27.2914,309.12,2.69964
4.5,343,25.986,27.1836,397.44,2.69964
4.5,344,25.9958,27.2914,397.44,2.69964
4.5,345,25.9272,27.2914,397.44,2.69964
4.5,346,26.0056,27.1836,382.72,2.69964
4.5,347,26.0644,27.1836,382.72,2.69964
4.5,348,26.035,27.1836,368,2.69964
4.5,349,26.1526,27.0398,353.28,2.69964
4.5,350,26.0154,27.1477,338.56,2.69964
4.5,351,26.0448,27.2555,382.72,2.69964
4.5,352,26.035,27.0398,382.72,2.69964
4.5,353,26.0252,27.2914,382.72,2.69964
4.5,354,25.9076,27.2914,397.44,2.69964
4.5,355,25.8978,27.3273,397.44,2.69964
4.5,356,26.0644,27.2914,397.44,2.69964
4.5,357,26.084,27.2555,382.72,2.69964
4.5,358,26.1134,27.1836,382.72,2.69964
4.5,359,26.0938,27.2914,382.72,2.69964
4.5,360,26.1624,27.1117,397.44,2.69964
4.5,361,26.182,27.0398,382.72,2.69964
4.5,362,26.2408,26.932,397.44,2.69964
4.5,363,26.28,26.896,397.44,2.71196
4.5,364,26.1918,26.9679,382.72,2.69964
4.5,365,26.1918,27.0039,397.44,2.69964
4.5,366,26.2212,26.9679,397.44,2.69964
4.5,367,26.3094,26.824,397.44,2.69964
4.5,368,26.3094,26.788,397.44,2.69964
4.5,369,26.2604,26.824,397.44,2.69964
4.5,370,26.2604,26.752,397.44,2.69964
4.5,371,26.2114,26.896,397.44,2.71196
4.5,372,26.2506,26.824,397.44,2.69964
4.5,373,26.2016,26.932,397.44,2.71196
4.5,374,26.2604,26.68,382.72,2.71196
4.5,375,26.2408,26.752,382.72,2.69964
4.5,376,26.3584,26.716,382.72,2.71196
4.5,377,26.427,26.5359,397.44,2.69964
4.5,378,26.378,26.608,382.72,2.69964
4.5,379,26.2996,26.68,368,2.71196
4.5,380,26.4172,26.608,382.72,2.69964
4.5,381,26.4662,26.5359,382.72,2.71196
4.5,382,26.5152,26.3918,397.44,2.71196
4.5,383,26.5152,26.3197,382.72,2.69964
4.5,384,25.9566,27.1117,368,2.69964
4.5,385,25.6332,27.5785,368,2.69964
4.5,386,25.3588,28.0443,353.28,2.68742
4.5,387,25.2412,28.1159,368,2.69964
4.5,388,25.104,28.3663,368,2.69964
4.5,389,25.0256,28.5092,368,2.69964
4.5,390,25.1824,28.3305,338.56,2.69964
4.5,391,25.153,28.3305,323.84,2.69964
4.5,392,25.0844,28.402,353.28,2.68742
4.5,393,24.9668,28.6163,338.56,2.68742
4.5,394,24.9276,28.6163,382.72,2.68742
4.5,395,24.908,28.6163,368,2.68742
4.5,396,25.2608,28.1875,397.44,2.69964
4.5,397,25.1824,28.1875,412.16,2.69964
4.5,398,24.9864,28.5449,397.44,2.68742
4.5,399,24.908,28.6163,382.72,2.68742
4.5,400,24.6532,28.9731,397.44,2.68742
4.5,401,24.516,29.2225,412.16,2.68742
4.5,402,24.516,29.2581,412.16,2.68742
4.5,403,24.5454,29.1869,412.16,2.68742
4.5,404,24.5748,29.08,412.16,2.68742
4.5,405,24.663,29.1157,412.16,2.68742
4.5,406,24.6728,29.0444,412.16,2.68742
4.5,407,24.7218,28.9731,412.16,2.68742
4.5,408,24.6238,28.9731,412.16,2.68742
4.5,409,24.8296,28.7234,412.16,2.69964
4.5,410,24.8296,28.6877,412.16,2.68742
4.5,411,24.81,28.7591,426.88,2.69964
4.5,412,24.6532,28.9018,412.16,2.68742
4.5,413,24.6336,28.9731,412.16,2.68742
4.5,414,24.6924,28.9018,412.16,2.68742
4.5,415,24.8394,28.6877,412.16,2.69964
4.5,416,24.7708,28.8305,412.16,2.69964
4.5,417,24.6434,28.9018,412.16,2.68742
4.5,418,24.614,28.9731,412.16,2.68742
4.5,419,24.6728,28.9018,412.16,2.68742
4.5,420,24.6826,28.9375,412.16,2.68742
4.5,421,24.6336,28.9731,426.88,2.68742
4.5,422,24.5944,28.9731,426.88,2.68742
4.5,423,24.3984,29.2225,397.44,2.68742
4.5,424,24.3886,29.3293,412.16,2.67532
4.5,425,24.418,29.3293,412.16,2.68742
4.5,426,24.4278,29.2938,397.44,2.68742
4.5,427,24.467,29.2938,382.72,2.68742
4.5,428,24.4572,29.1869,382.72,2.68742
4.5,429,24.4082,29.2938,368,2.68742
4.5,430,24.4964,29.1513,368,2.68742
4.5,431,24.712,28.9018,412.16,2.68742
4.5,432,24.6336,29.0444,412.16,2.68742
4.5,433,24.5748,29.1157,426.88,2.68742
4.5,434,24.614,29.0444,426.88,2.68742
4.5,435,24.7022,28.9731,426.88,2.68742
4.5,436,24.7512,28.8305,426.88,2.68742
4.5,437,24.7316,28.8305,426.88,2.68742
4.5,438,24.6532,28.9018,426.88,2.68742
4.5,439,24.7022,28.9018,426.88,2.68742
4.5,440,24.8884,28.6877,426.88,2.69964
4.5,441,24.81,28.7591,426.88,2.68742
4.5,442,24.7806,28.8305,426.88,2.69964
4.5,443,24.7806,28.8661,426.88,2.68742
4.5,444,24.8688,28.6163,426.88,2.68742
4.5,445,24.8786,28.6163,426.88,2.69964
4.5,446,24.8688,28.6163,426.88,2.68742
4.5,447,24.7904,28.7234,426.88,2.68742
4.5,448,24.8296,28.7591,426.88,2.68742
4.5,449,24.81,28.7591,426.88,2.69964
4.5,450,24.908,28.652,412.16,2.69964
4.5,451,24.859,28.6877,426.88,2.69964
4.5,452,24.9276,28.6163,426.88,2.69964
4.5,453,24.8884,28.6163,426.88,2.68742
4.5,454,24.9668,28.6163,426.88,2.68742
4.5,455,24.9178,28.5806,426.88,2.69964
4.5,456,24.8884,28.5806,426.88,2.68742
4.5,457,24.8492,28.7591,426.88,2.69964
4.5,458,25.0354,28.402,426.88,2.68742
4.5,459,25.1138,28.3305,426.88,2.69964
4.5,460,25.0158,28.3663,426.88,2.68742
4.5,461,25.0844,28.3305,412.16,2.69964
4.5,462,25.006,28.5449,426.88,2.69964
4.5,463,25.104,28.402,412.16,2.69964
4.5,464,25.0942,28.402,426.88,2.69964
4.5,465,25.0648,28.3305,426.88,2.69964
4.5,466,25.0256,28.402,426.88,2.69964
4.5,467,24.9668,28.4735,426.88,2.69964
4.5,468,24.9472,28.6163,426.88,2.69964
4.5,469,24.859,28.6163,426.88,2.68742
4.5,470,24.9374,28.5806,426.88,2.68742
4.5,471,24.9668,28.5449,426.88,2.68742
4.5,472,25.006,28.4735,426.88,2.69964
4.5,473,24.9374,28.5449,426.88,2.69964
4.5,474,24.9374,28.5449,412.16,2.68742
4.5,475,24.9668,28.5449,426.88,2.68742
4.5,476,24.908,28.6163,426.88,2.68742
4.5,477,24.9178,28.652,426.88,2.68742
4.5,478,25.0256,28.4735,412.16,2.69964
4.5,479,25.104,28.402,412.16,2.68742
4.5,480,25.0452,28.3663,426.88,2.69964
4.5,481,24.8394,28.6163,426.88,2.68742
4.5,482,24.8786,28.5806,426.88,2.69964
4.5,483,24.9178,28.5449,426.88,2.68742
4.5,484,24.9766,28.5449,426.88,2.69964
4.5,485,25.0354,28.402,412.16,2.68742
4.5,486,25.0746,28.4735,426.88,2.68742
4.5,487,24.9962,28.5449,426.88,2.69964
4.5,488,25.0256,28.5092,412.16,2.68742
4.5,489,25.006,28.5449,412.16,2.68742
4.5,490,25.1628,28.3305,412.16,2.69964
4.5,491,25.153,28.3305,412.16,2.68742
4.5,492,25.0452,28.4377,397.44,2.68742
4.5,493,24.9962,28.4735,412.16,2.68742
4.5,494,24.9374,28.6163,412.16,2.68742
4.5,495,25.0354,28.402,426.88,2.68742
4.5,496,25.0452,28.4735,426.88,2.69964
4.5,497,25.1432,28.3305,426.88,2.69964
4.5,498,25.0844,28.402,426.88,2.68742
4.5,499,25.0746,28.402,426.88,2.68742
4.5,500,25.0648,28.402,412.16,2.68742
4.5,501,25.0648,28.402,412.16,2.68742
4.5,502,25.0354,28.402,426.88,2.68742
4.5,503,25.104,28.2948,412.16,2.68742
4.5,504,25.3,28.0085,412.16,2.68742
4.5,505,25.153,28.259,412.16,2.69964
4.5,506,25.0746,28.402,412.16,2.68742
4.5,507,25.3294,28.0443,412.16,2.69964
4.5,508,25.3392,28.0085,412.16,2.69964
4.5,509,25.2804,28.1159,412.16,2.69964
4.5,510,25.3,28.1159,412.16,2.69964
4.5,511,25.1236,28.4735,412.16,2.69964
4.5,512,25.2412,28.2232,412.16,2.69964
4.5,513,25.2118,28.1875,412.16,2.69964
4.5,514,25.202,28.1875,412.16,2.69964
4.5,515,25.104,28.259,412.16,2.68742
4.5,516,25.006,28.4735,412.16,2.69964
4.5,517,25.153,28.402,412.16,2.69964
4.5,518,25.2706,28.1875,412.16,2.69964
4.5,519,25.349,28.1159,412.16,2.69964
4.5,520,25.5058,27.9011,397.44,2.69964
4.5,521,25.5842,27.7936,323.84,2.69964
4.5,522,25.6332,27.7219,323.84,2.69964
4.5,523,25.8194,27.5426,323.84,2.69964
4.5,524,25.8292,27.3991,323.84,2.69964
4.5,525,25.888,27.2914,323.84,2.69964
4.5,526,25.8194,27.3273,338.56,2.69964
4.5,527,25.8586,27.3273,323.84,2.69964
4.5,528,25.9664,27.2195,338.56,2.69964
4.5,529,25.7312,27.5426,323.84,2.69964
4.5,530,25.8194,27.3991,309.12,2.69964
4.5,531,25.8194,27.3632,309.12,2.69964
4.5,532,25.8194,27.2914,309.12,2.69964
4.5,533,25.7998,27.3273,294.4,2.69964
4.5,534,25.643,27.6144,323.84,2.69964
4.5,535,25.7312,27.5426,323.84,2.69964
4.5,536,25.8194,27.2914,323.84,2.69964
4.5,537,25.5744,27.6144,323.84,2.69964
4.5,538,25.6038,27.4709,323.84,2.69964
4.5,539,25.5744,27.6861,338.56,2.69964
4.5,540,25.7018,27.5426,338.56,2.69964
4.5,541,25.7802,27.4709,338.56,2.69964
4.5,542,25.8194,27.2914,323.84,2.69964
4.5,543,25.8194,27.3991,323.84,2.69964
4.5,544,25.8194,27.3632,338.56,2.69964
4.5,545,25.7704,27.3991,338.56,2.71196
4.5,546,26.2114,27.0398,323.84,2.69964
4.5,547,26.133,26.896,323.84,2.69964
4.5,548,26.2212,26.896,323.84,2.69964
4.5,549,26.5348,26.5359,338.56,2.71196
4.5,550,26.721,26.1754,338.56,2.71196
4.5,551,26.6818,26.3197,323.84,2.69964
4.5,552,26.6916,26.3918,323.84,2.69964
4.5,553,26.721,26.2475,323.84,2.71196
4.5,554,26.5446,26.608,323.84,2.69964
4.5,555,26.7112,26.2475,323.84,2.71196
4.5,556,26.7112,26.3918,338.56,2.71196
4.5,557,26.4466,26.608,309.12,2.71196
4.5,558,26.2016,27.0758,323.84,2.69964
4.5,559,26.378,26.752,323.84,2.69964
4.5,560,26.0938,27.2914,323.84,2.69964
4.5,561,26.0644,27.2555,323.84,2.69964
4.5,562,26.4368,26.824,323.84,2.69964
4.5,563,26.28,26.9679,309.12,2.69964
4.5,564,26.2212,27.1836,309.12,2.71196
4.5,565,26.1428,27.2555,323.84,2.69964
4.5,566,26.2114,27.2555,323.84,2.69964
4.5,567,26.3192,26.9679,323.84,2.69964
4.5,568,26.1918,27.2555,294.4,2.69964
4.5,569,26.3976,26.896,309.12,2.71196
4.5,570,26.2506,26.9679,294.4,2.71196
4.5,571,26.0938,27.2914,309.12,2.69964
4.5,572,26.084,27.2914,279.68,2.69964
4.5,573,26.2996,27.0398,294.4,2.69964
4.5,574,26.2702,27.0398,250.24,2.71196
4.5,575,26.3094,27.1836,235.52,2.69964
4.5,576,26.6426,26.68,294.4,2.71196
4.5,577,26.5348,26.896,294.4,2.69964
4.5,578,26.623,26.752,309.12,2.71196
4.5,579,26.7308,26.68,279.68,2.71196
4.5,580,26.525,27.0758,309.12,2.69964
4.5,581,26.672,26.9679,323.84,2.69964
4.5,582,26.77,26.824,309.12,2.71196
4.5,583,26.5446,26.896,353.28,2.71196
4.5,584,26.4564,27.1117,338.56,2.69964
4.5,585,26.4956,26.932,323.84,2.71196
4.5,586,26.6524,26.824,338.56,2.69964
4.5,587,26.868,26.4639,338.56,2.7244
4.5,588,26.8582,26.68,338.56,2.71196
4.5,589,26.7308,26.68,338.56,2.71196
4.5,590,26.5838,27.0758,338.56,2.71196
4.5,591,26.5838,26.896,323.84,2.71196
4.5,592,26.4466,27.2195,338.56,2.69964
4.5,593,26.3682,27.2914,338.56,2.71196
4.5,594,26.3192,27.2914,353.28,2.71196
4.5,595,26.2996,27.4709,323.84,2.69964
4.5,596,26.329,27.3632,323.84,2.69964
4.5,597,26.3192,27.3273,235.52,2.71196
4.5,598,26.2996,27.2914,202.4,2.69964
4.5,599,26.28,27.3273,172.96,2.69964
4.5,600,26.133,27.6861,172.96,2.71196
4.5,601,26.329,27.4709,338.56,2.71196
4.5,602,26.28,27.6502,338.56,2.71196
4.5,603,26.2604,27.6502,323.84,2.71196
4.5,604,26.3094,27.4709,309.12,2.69964
4.5,605,26.1918,27.6861,323.84,2.69964
4.5,606,26.1036,27.9727,294.4,2.69964
4.5,607,26.1232,27.9727,309.12,2.69964
4.5,608,26.133,27.9727,323.84,2.69964
4.5,609,26.1918,27.9011,323.84,2.71196
4.5,610,26.3094,27.8294,338.56,2.71196
4.5,611,26.2996,27.8294,338.56,2.71196
4.5,612,26.4172,27.9011,323.84,2.69964
4.5,613,26.378,27.9011,338.56,2.69964
4.5,614,26.2604,28.0443,323.84,2.69964
4.5,615,26.3584,27.9727,323.84,2.69964
4.5,616,26.3976,27.6861,323.84,2.71196
4.5,617,26.3192,27.7578,309.12,2.71196
4.5,618,26.3584,27.9011,294.4,2.69964
4.5,619,26.182,28.2232,323.84,2.69964
4.5,620,26.0154,28.3305,323.84,2.69964
4.5,621,26.0644,28.259,338.56,2.69964
4.5,622,26.1918,28.1875,353.28,2.69964
4.5,623,26.329,28.3305,338.56,2.69964
4.5,624,26.2996,28.0443,323.84,2.69964
4.5,625,26.329,27.9727,338.56,2.69964
4.5,626,26.28,27.9369,338.56,2.69964
4.5,627,26.2212,27.8294,323.84,2.69964
4.5,628,26.1036,28.1159,338.56,2.69964
4.5,629,26.0154,28.3305,323.84,2.69964
4.5,630,25.9566,28.6163,323.84,2.69964
4.5,631,25.9958,28.652,338.56,2.69964
4.5,632,25.9664,28.652,338.56,2.69964
4.5,633,25.937,28.6877,338.56,2.69964
4.5,634,25.9958,28.5449,338.56,2.69964
4.5,635,26.0938,28.2948,338.56,2.69964
4.5,636,26.084,28.4735,338.56,2.69964
4.5,637,26.2996,28.1875,353.28,2.69964
4.5,638,26.4172,28.1159,338.56,2.69964
4.5,639,26.3584,28.0801,338.56,2.69964
4.5,640,26.2114,28.3305,338.56,2.71196
4.5,641,26.2212,28.3305,187.68,2.71196
4.5,642,26.3388,27.9011,187.68,2.69964
4.5,643,26.2996,28.0443,180.32,2.69964
4.5,644,26.3486,28.0085,180.32,2.69964
4.5,645,26.3584,27.8294,187.68,2.69964
4.5,646,26.231,28.0801,187.68,2.69964
4.5,647,26.427,27.9011,187.68,2.69964
4.5,648,26.3976,27.9727,180.32,2.71196
4.5,649,26.3878,28.0443,180.32,2.69964
4.5,650,26.28,28.1517,180.32,2.69964
4.5,651,26.28,28.259,180.32,2.69964
4.5,652,26.3094,28.1875,180.32,2.69964
4.5,653,26.2996,28.1517,180.32,2.69964
4.5,654,26.2604,28.3305,180.32,2.69964
4.5,655,26.2604,28.3305,323.84,2.71196
4.5,656,26.2702,28.4735,338.56,2.71196
4.5,657,26.2506,28.2948,338.56,2.71196
4.5,658,26.2212,28.3305,323.84,2.71196
4.5,659,26.3682,28.259,338.56,2.69964
4.5,660,26.3094,28.402,323.84,2.71196
4.5,661,26.3878,28.1159,338.56,2.71196
4.5,662,26.3976,28.1159,338.56,2.71196
4.5,663,26.329,28.2232,338.56,2.69964
4.5,664,26.3388,28.259,338.56,2.71196
4.5,665,26.3976,28.3305,338.56,2.71196
4.5,666,26.3388,28.2948,353.28,2.71196
4.5,667,26.133,28.4735,338.56,2.69964
4.5,668,26.1722,28.5449,323.84,2.69964
4.5,669,26.1134,28.4735,338.56,2.69964
4.5,670,26.2114,28.5092,338.56,2.71196
4.5,671,26.2016,28.4735,309.12,2.69964
4.5,672,26.084,28.6877,338.56,2.69964
4.5,673,26.0742,28.6877,338.56,2.7244
4.5,674,26.0252,28.8305,323.84,2.69964
4.5,675,26.0448,28.8305,353.28,2.69964
4.5,676,25.9762,28.8661,128.8,2.69964
4.5,677,25.7116,29.1869,136.16,2.69964
4.5,678,25.496,29.5784,128.8,2.69964
4.5,679,25.4862,29.6139,128.8,2.69964
4.5,680,25.5156,29.4717,128.8,2.69964
4.5,681,25.5548,29.5784,128.8,2.68742
4.5,682,25.5646,29.6139,136.16,2.68742
4.5,683,25.5156,29.6139,128.8,2.69964
4.5,684,25.4764,29.7205,128.8,2.68742
4.5,685,25.4862,29.5784,128.8,2.69964
4.5,686,25.4274,29.685,128.8,2.69964
4.5,687,25.4372,29.6139,128.8,2.68742
4.5,688,25.4274,29.685,128.8,2.69964
4.5,689,25.3098,29.8271,128.8,2.69964
4.5,690,25.2608,29.9336,128.8,2.69964
4.5,691,25.2608,29.8271,128.8,2.69964
4.5,692,25.2804,29.9691,136.16,2.69964
4.5,693,25.349,29.7561,136.16,2.68742
4.5,694,25.2804,29.8626,136.16,2.68742
4.5,695,25.2412,29.8271,136.16,2.69964
4.5,696,25.1726,29.8981,136.16,2.69964
4.5,697,25.1432,29.9691,136.16,2.69964
4.5,698,25.0452,30.1465,136.16,2.69964
4.5,699,25.104,30.0401,136.16,2.69964
4.5,700,24.9472,30.3947,136.16,2.68742
4.5,701,24.9962,30.4655,128.8,2.68742
4.5,702,25.055,30.182,136.16,2.68742
4.5,703,25.1334,30.0401,136.16,2.69964
4.5,704,25.0844,30.1111,136.16,2.68742
4.5,705,25.0942,30.0401,136.16,2.68742
4.5,706,25.0452,30.0401,136.16,2.68742
4.5,707,24.9864,30.1465,136.16,2.69964
4.5,708,24.9864,30.182,128.8,2.69964
4.5,709,24.908,30.2529,128.8,2.69964
4.5,710,24.8982,30.3238,128.8,2.69964
4.5,711,24.81,30.3947,128.8,2.68742
4.5,712,24.7904,30.5009,128.8,2.69964
4.5,713,24.7904,30.5363,128.8,2.69964
4.5,714,24.7512,30.5717,128.8,2.68742
4.5,715,24.7512,30.5363,128.8,2.69964
4.5,716,24.8688,30.3592,128.8,2.69964
4.5,717,24.8884,30.3238,128.8,2.69964
4.5,718,24.8198,30.4301,128.8,2.69964
4.5,719,24.712,30.6071,128.8,2.67532
4.5,720,24.761,30.5717,128.8,2.69964
4.5,721,24.614,30.8194,128.8,2.68742
4.5,722,24.6434,30.7486,128.8,2.68742
4.5,723,24.516,30.9254,128.8,2.68742
4.5,724,24.4964,30.9608,128.8,2.68742
4.5,725,24.5552,30.8901,121.44,2.68742
4.5,726,24.3592,31.1727,121.44,2.68742
4.5,727,24.3494,31.3139,121.44,2.68742
4.5,728,24.3004,31.3491,121.44,2.68742
4.5,729,24.2122,31.4549,121.44,2.68742
4.5,730,24.1926,31.5254,114.08,2.67532
4.5,731,24.0554,31.8776,114.08,2.68742
4.5,732,24.0358,31.8072,121.44,2.68742
4.5,733,24.124,31.6664,114.08,2.68742
4.5,734,24.2612,31.4902,114.08,2.68742
4.5,735,24.271,31.4549,114.08,2.68742
4.5,736,24.32,31.4197,108.56,2.68742
4.5,737,24.3396,31.3844,108.56,2.68742
4.5,738,24.1828,31.6312,108.56,2.68742
4.5,739,24.0358,31.948,114.08,2.68742
4.5,740,23.9966,32.0183,114.08,2.68742
4.5,741,23.9868,32.159,114.08,2.68742
4.5,742,24.026,32.0183,114.08,2.68742
4.5,743,24.075,32.0183,114.08,2.68742
4.5,744,24.026,32.0887,114.08,2.67532
4.5,745,23.9868,32.159,114.08,2.68742
4.5,746,23.9868,32.2293,114.08,2.67532
4.5,747,23.9182,32.2995,114.08,2.68742
4.5,748,23.8398,32.5102,114.08,2.68742
4.5,749,23.7908,32.5803,114.08,2.68742
4.5,750,23.8986,32.3698,114.08,2.68742
4.5,751,23.9378,32.3346,114.08,2.68742
4.5,752,23.8888,32.3698,114.08,2.68742
4.5,753,23.9182,32.2995,114.08,2.68742
4.5,754,23.83,32.5102,114.08,2.68742
4.5,755,23.7124,32.6855,114.08,2.68742
4.5,756,23.8104,32.4751,114.08,2.68742
4.5,757,23.8006,32.5102,114.08,2.67532
4.5,758,23.83,32.4751,114.08,2.67532
4.5,759,23.8202,32.4751,114.08,2.67532
4.5,760,23.7908,32.5452,114.08,2.67532
4.5,761,23.83,32.5102,114.08,2.68742
4.5,762,23.8496,32.4751,114.08,2.68742
4.5,763,23.8398,32.4751,108.56,2.67532
4.5,764,23.7614,32.6505,108.56,2.67532
4.5,765,23.7516,32.7206,108.56,2.67532
4.5,766,23.7124,32.7557,108.56,2.67532
4.5,767,23.6536,32.8958,101.2,2.67532
4.5,768,23.5458,33.1409,101.2,2.67532
4.5,769,23.5556,33.1409,104.88,2.67532
4.5,770,23.4772,33.3507,101.2,2.67532
4.5,771,23.3988,33.5604,97.52,2.67532
4.5,772,23.3988,33.7349,97.52,2.67532
4.5,773,23.4772,33.3507,101.2,2.67532
4.5,774,23.4184,33.5604,97.52,2.67532
4.5,775,23.3988,33.5604,97.52,2.67532
4.5,776,23.389,33.5604,114.08,2.67532
4.5,777,23.3988,33.6651,114.08,2.67532
4.5,778,23.438,33.4905,93.84,2.67532
4.5,779,23.2812,33.8047,90.16,2.67532
4.5,780,23.3792,33.6302,93.84,2.67532
4.5,781,23.4282,33.5604,93.84,2.67532
4.5,782,23.487,33.4206,97.52,2.67532
4.5,783,23.5458,33.3158,97.52,2.67532
4.5,784,23.4576,33.4556,97.52,2.67532
4.5,785,23.4184,33.5604,97.52,2.67532
4.5,786,23.2616,33.8744,93.84,2.67532
4.5,787,23.0852,34.2577,93.84,2.67532
4.5,788,23.1636,34.2229,93.84,2.67532
4.5,789,23.1146,34.2577,93.84,2.67532
4.5,790,23.1244,34.188,93.84,2.67532
4.5,791,23.046,34.3969,93.84,2.67532
4.5,792,23.0166,34.536,93.84,2.67532
4.5,793,23.0166,34.536,90.16,2.67532
4.5,794,23.0264,34.536,90.16,2.67532
4.5,795,22.9676,34.675,90.16,2.67532
4.5,796,22.9676,34.675,90.16,2.67532
4.5,797,22.8696,34.9181,90.16,2.66332
4.5,798,22.8892,34.8834,90.16,2.67532
4.5,799,22.948,34.7792,90.16,2.66332
4.5,800,22.9284,34.8487,90.16,2.67532
4.5,801,22.9088,34.8487,86.48,2.66332
4.5,802,22.8892,34.9528,86.48,2.67532
4.5,803,22.9676,34.6403,90.16,2.67532
4.5,804,22.9872,34.7445,90.16,2.67532
4.5,805,23.046,34.536,86.48,2.67532
4.5,806,23.046,34.6403,86.48,2.67532
4.5,807,23.0264,34.8139,82.8,2.67532
4.5,808,22.9578,35.3341,86.48,2.67532
4.5,809,22.8696,35.1609,82.8,2.67532
4.5,810,22.9088,34.9528,82.8,2.67532
4.5,811,22.9284,35.0915,82.8,2.67532
4.5,812,22.997,34.9181,82.8,2.67532
4.5,813,23.0068,34.9528,82.8,2.67532
4.5,814,23.0068,34.8487,82.8,2.68742
4.5,815,23.0166,34.8139,82.8,2.66332
4.5,816,23.0754,34.7445,82.8,2.67532
4.5,817,23.0852,34.7445,79.12,2.66332
4.5,818,23.095,34.7445,79.12,2.67532
4.5,819,23.046,34.7445,79.12,2.67532
4.5,820,23.046,34.7792,79.12,2.67532
4.5,821,23.046,34.7445,79.12,2.67532
4.5,822,23.046,34.675,79.12,2.67532
4.5,823,22.997,34.7445,75.44,2.67532
4.5,824,22.9382,34.8834,75.44,2.67532
4.5,825,22.997,34.7445,75.44,2.67532
4.5,826,23.046,34.536,75.44,2.66332
4.5,827,23.0068,34.675,75.44,2.67532
4.5,828,23.0264,34.675,75.44,2.67532
4.5,829,22.8892,34.9181,71.76,2.66332
4.5,830,22.8598,35.0222,82.8,2.67532
4.5,831,22.9088,34.9528,97.52,2.67532
4.5,832,22.8304,35.0915,114.08,2.67532
4.5,833,22.8304,35.1262,128.8,2.67532
4.5,834,22.8108,35.0915,128.8,2.67532
4.5,835,22.7814,35.0915,128.8,2.67532
4.5,836,22.3698,36.0603,121.44,2.67532
4.5,837,22.3012,36.0948,121.44,2.66332
4.5,838,22.3306,36.0948,121.44,2.66332
4.5,839,22.3208,36.0603,121.44,2.66332
4.5,840,22.3012,36.0948,121.44,2.66332
4.5,841,22.2718,36.1983,121.44,2.65143
4.5,842,22.2424,36.2328,121.44,2.65143
4.5,843,22.2914,36.1983,121.44,2.66332
4.5,844,22.2914,36.1293,121.44,2.66332
4.5,845,22.2718,36.1638,121.44,2.67532
4.5,846,22.2522,36.1293,121.44,2.65143
4.5,847,22.2326,36.1983,121.44,2.65143
4.5,848,22.3012,36.1293,121.44,2.66332
4.5,849,22.2424,36.1983,121.44,2.66332
4.5,850,22.1738,36.3362,121.44,2.66332
4.5,851,22.1934,36.3362,121.44,2.66332
4.5,852,22.1738,36.3362,114.08,2.66332
4.5,853,22.1346,36.4052,114.08,2.67532
4.5,854,22.1444,36.4052,114.08,2.66332
4.5,855,22.1836,36.2673,108.56,2.66332
4.5,856,22.1542,36.4396,114.08,2.65143
4.5,857,22.0856,36.4741,114.08,2.67532
4.5,858,22.0856,36.5085,108.56,2.66332
4.5,859,22.0954,36.4741,108.56,2.67532
4.5,860,22.066,36.543,108.56,2.66332
4.5,861,22.066,36.543,114.08,2.65143
4.5,862,22.066,36.4741,114.08,2.66332
4.5,863,22.0464,36.543,108.56,2.65143
4.5,864,22.0366,36.5774,114.08,2.66332
4.5,865,22.0268,36.6463,108.56,2.65143
4.5,866,21.9778,36.7495,108.56,2.65143
4.5,867,21.9484,36.7495,108.56,2.65143
4.5,868,21.87,37.0246,108.56,2.65143
4.5,869,21.8602,37.0246,108.56,2.65143
4.5,870,21.8994,36.9559,108.56,2.66332
4.5,871,21.9092,36.9215,108.56,2.65143
4.5,872,21.919,36.8871,104.88,2.66332
4.5,873,22.0072,36.6807,104.88,2.65143
4.5,874,21.9876,36.6807,104.88,2.66332
4.5,875,22.017,36.6118,108.56,2.65143
4.5,876,22.017,36.6118,108.56,2.65143
4.5,877,21.9778,36.6807,104.88,2.65143
4.5,878,21.968,36.7151,104.88,2.66332
4.5,879,21.9778,36.7151,104.88,2.65143
4.5,880,21.968,36.6807,101.2,2.65143
4.5,881,21.9582,36.7495,97.52,2.65143
4.5,882,21.9484,36.7495,97.52,2.66332
4.5,883,21.9484,36.8183,97.52,2.65143
4.5,884,21.9582,36.7495,97.52,2.65143
4.5,885,21.919,36.8183,97.52,2.65143
4.5,886,21.9092,36.8527,97.52,2.65143
4.5,887,21.8504,36.9559,97.52,2.65143
4.5,888,21.8308,36.9559,97.52,2.66332
4.5,889,21.8406,36.8871,93.84,2.65143
4.5,890,21.8504,36.8183,93.84,2.66332
4.5,891,21.8308,36.9215,82.8,2.66332
4.5,892,21.8504,36.8527,75.44,2.65143
4.5,893,21.8504,36.8871,71.76,2.65143
4.5,894,21.8896,36.7495,68.08,2.65143
4.5,895,21.8896,36.7495,64.4,2.65143
4.5,896,21.8504,36.8183,64.4,2.66332
4.5,897,21.8112,37.059,64.4,2.65143
4.5,898,21.8112,37.0933,64.4,2.65143
4.5,899,21.8112,37.0246,64.4,2.65143
4.5,900,21.8112,36.9559,64.4,2.66332
4.5,901,21.8112,36.8871,60.72,2.65143
4.5,902,21.8112,36.9215,60.72,2.65143
4.5,903,21.8112,36.8871,60.72,2.65143
4.5,904,21.7916,36.9559,57.04,2.65143
4.5,905,21.8112,36.9559,53.36,2.65143
4.5,906,21.7622,37.162,50.6,2.65143
4.5,907,21.7132,37.2307,50.6,2.66332
4.5,908,21.6936,37.3336,53.36,2.65143
4.5,909,21.674,37.4022,53.36,2.65143
4.5,910,21.6838,37.1963,57.04,2.65143
4.5,911,21.674,37.2307,64.4,2.65143
4.5,912,21.6446,37.1277,64.4,2.65143
4.5,913,21.6152,37.1963,68.08,2.65143
4.5,914,21.5956,37.3336,68.08,2.65143
4.5,915,21.5858,37.4708,68.08,2.65143
4.5,916,21.5368,37.5394,68.08,2.65143
4.5,917,21.527,37.4708,68.08,2.66332
4.5,918,21.527,37.5737,64.4,2.65143
4.5,919,21.576,37.2993,64.4,2.65143
4.5,920,21.6152,37.2993,53.36,2.66332
4.5,921,21.5368,37.4365,53.36,2.65143
4.5,922,21.5466,37.3679,53.36,2.65143
4.5,923,21.5564,37.2993,53.36,2.65143
4.5,924,21.4976,37.5051,53.36,2.65143
4.5,925,21.4486,37.5737,50.6,2.65143
4.5,926,21.3996,37.745,50.6,2.65143
4.5,927,21.3408,37.8477,46.92,2.65143
4.5,928,21.331,37.745,46.92,2.65143
4.5,929,21.3506,37.7792,45.08,2.65143
4.5,930,21.38,37.7107,43.24,2.65143
4.5,931,21.3604,37.7792,35.88,2.65143
4.5,932,21.3016,37.8819,32.2,2.65143
4.5,933,21.233,37.9845,30.36,2.65143
4.5,934,21.1938,38.1213,30.36,2.65143
4.5,935,21.1644,38.1213,28.52,2.65143
4.5,936,21.184,38.0529,28.52,2.65143
4.5,937,21.1546,38.0529,26.68,2.65143
4.5,938,21.1448,38.1555,24.84,2.65143
4.5,939,21.1448,38.1555,24.84,2.65143
4.5,940,21.1742,37.9161,23,2.65143
4.5,941,21.2428,37.745,23,2.65143
4.5,942,21.3016,37.5737,23,2.65143
4.5,943,21.478,37.4365,26.68,2.65143
4.5,944,21.5172,37.3679,26.68,2.65143
4.5,945,21.5172,37.4022,24.84,2.65143
4.5,946,21.5564,37.3679,24.84,2.65143
4.5,947,21.5858,37.3679,24.84,2.65143
4.5,948,21.6054,37.2993,24.84,2.65143
4.5,949,21.6348,37.2307,24.84,2.66332
4.5,950,21.6544,37.162,24.84,2.65143
4.5,951,21.6544,37.1277,24.84,2.65143
4.5,952,21.7524,37.0246,23,2.65143
4.5,953,21.7622,36.9559,23,2.65143
4.5,954,21.7622,36.9215,23,2.65143
4.5,955,21.7916,36.9215,23,2.65143
4.5,956,21.7328,36.8871,23,2.65143
4.5,957,21.7034,36.9559,23,2.65143
4.5,958,21.6838,37.0246,23,2.65143
4.5,959,21.6838,37.1277,23,2.65143
4.5,960,21.6936,37.0933,23,2.65143
4.5,961,21.7034,37.0246,23,2.65143
4.5,962,21.674,37.0246,23,2.65143
4.5,963,21.5858,37.2307,23,2.65143
4.5,964,21.576,37.2993,23,2.65143
4.5,965,21.5956,37.2307,21.16,2.65143
4.5,966,21.5956,37.2307,23,2.65143
4.5,967,21.5466,37.4365,21.16,2.65143
4.5,968,21.4976,37.5051,23,2.65143
4.5,969,21.4584,37.5051,23,2.65143
4.5,970,21.4584,37.6765,23,2.65143
4.5,971,21.4584,37.5737,21.16,2.65143
4.5,972,21.4976,37.5737,21.16,2.65143
4.5,973,21.5368,37.6079,23,2.65143
4.5,974,21.5662,37.6422,45.08,2.65143
4.5,975,21.5466,37.5737,45.08,2.65143
4.5,976,21.5368,37.5737,45.08,2.65143
4.5,977,21.576,37.5051,45.08,2.65143
4.5,978,21.5662,37.5051,45.08,2.65143
4.5,979,21.527,37.4365,46.92,2.65143
4.5,980,21.478,37.5737,46.92,2.65143
4.5,981,21.4976,37.5737,46.92,2.65143
4.5,982,21.4976,37.6079,46.92,2.65143
4.5,983,21.5368,37.5051,46.92,2.65143
4.5,984,21.576,37.4708,46.92,2.65143
4.5,985,21.576,37.3679,46.92,2.65143
4.5,986,21.5858,37.3679,46.92,2.65143
4.5,987,21.5956,37.3336,46.92,2.65143
4.5,988,21.576,37.4022,46.92,2.65143
4.5,989,21.5662,37.4365,46.92,2.65143
4.5,990,21.576,37.8819,46.92,2.65143
4.5,991,21.5858,37.6422,46.92,2.65143
4.5,992,21.5564,38.3605,46.92,2.65143
4.5,993,21.5662,38.1213,46.92,2.65143
4.5,994,21.5466,38.0529,46.92,2.65143
4.5,995,21.5368,38.0529,46.92,2.65143
4.5,996,21.527,37.8477,46.92,2.65143
4.5,997,21.5466,37.9161,46.92,2.65143
4.5,998,21.5564,38.1897,46.92,2.65143
4.5,999,21.5466,37.9161,46.92,2.65143
4.5,1000,21.5368,38.3263,46.92,2.65143
4.5,1001,21.5466,38.258,45.08,2.65143
4.5,1002,21.5172,38.1213,46.92,2.65143
4.5,1003,21.5172,37.9161,46.92,2.65143
4.5,1004,21.5172,38.0529,46.92,2.65143
4.5,1005,21.5172,38.0871,46.92,2.65143
4.5,1006,21.4976,38.0529,46.92,2.65143
4.5,1007,21.5074,38.0187,46.92,2.65143
4.5,1008,21.5074,37.9845,45.08,2.65143
4.5,1009,21.4976,37.7792,46.92,2.65143
4.5,1010,21.5172,37.9161,46.92,2.66332
4.5,1011,21.5172,37.7792,46.92,2.65143
4.5,1012,21.4976,37.8134,46.92,2.65143
4.5,1013,21.4976,37.8134,46.92,2.65143
4.5,1014,21.478,37.8477,46.92,2.65143
4.5,1015,21.478,37.8477,46.92,2.65143
4.5,1016,21.4878,37.8134,46.92,2.65143
4.5,1017,21.4878,37.8477,46.92,2.65143
4.5,1018,21.478,37.7792,46.92,2.65143
4.5,1019,21.4878,37.7107,46.92,2.65143
4.5,1020,21.4976,37.7107,46.92,2.65143
4.5,1021,21.4878,37.7107,46.92,2.65143
4.5,1022,21.4878,37.7792,46.92,2.65143
4.5,1023,21.478,37.7792,46.92,2.65143
4.5,1024,21.478,37.745,46.92,2.65143
