1,1,20.2432,38.8039,368,2.68742
1,2,20.2824,38.7357,368,2.68742
1,3,20.302,38.7698,368,2.68742
1,4,20.3216,38.7357,382.72,2.68742
1,5,20.3608,38.6675,382.72,2.69964
1,6,20.4588,38.497,382.72,2.68742
1,7,20.498,38.3946,382.72,2.68742
1,8,20.5176,38.3946,382.72,2.68742
1,9,20.5568,38.3263,382.72,2.69964
1,10,20.5666,38.258,368,2.68742
1,11,20.596,38.258,368,2.69964
1,12,20.6254,38.2239,368,2.69964
1,13,20.645,38.1555,382.72,2.68742
1,14,20.7136,37.9845,338.56,2.68742
1,15,20.7038,38.1897,338.56,2.69964
1,16,20.6744,38.1555,338.56,2.68742
1,17,20.7528,38.0529,338.56,2.68742
1,18,20.8312,37.9845,338.56,2.68742
1,19,20.8606,37.9161,353.28,2.69964
1,20,20.89,37.8134,353.28,2.69964
1,21,20.9096,37.8134,353.28,2.68742
1,22,20.8802,37.8819,353.28,2.68742
1,23,20.8802,37.8819,353.28,2.68742
1,24,20.8704,37.9161,353.28,2.68742
1,25,20.8802,37.9503,353.28,2.69964
1,26,20.8704,37.9503,353.28,2.69964
1,27,20.8704,37.9161,353.28,2.69964
1,28,20.8704,37.9503,353.28,2.68742
1,29,20.8802,37.9161,353.28,2.68742
1,30,20.9096,37.8477,353.28,2.69964
1,31,20.9586,37.7792,353.28,2.69964
1,32,20.9782,37.745,353.28,2.68742
1,33,20.988,37.745,353.28,2.69964
1,34,21.0076,37.7107,353.28,2.69964
1,35,21.0076,37.7107,353.28,2.68742
1,36,21.0174,37.7107,353.28,2.69964
1,37,21.0076,37.7107,353.28,2.68742
1,38,21.0272,37.6765,353.28,2.68742
1,39,21.0468,37.6765,353.28,2.69964
1,40,21.0566,37.6422,338.56,2.68742
1,41,20.9978,37.8134,353.28,2.69964
1,42,21.037,37.7792,338.56,2.69964
1,43,21.0468,37.7107,338.56,2.68742
1,44,21.0566,37.7107,353.28,2.69964
1,45,21.086,37.6765,338.56,2.69964
1,46,21.0468,37.6765,338.56,2.68742
1,47,21.0468,37.7107,338.56,2.69964
1,48,21.0664,37.745,338.56,2.69964
1,49,21.0762,37.7792,338.56,2.69964
1,50,21.0958,37.9161,323.84,2.68742
1,51,21.086,38.0529,323.84,2.69964
1,52,21.1056,37.9845,323.84,2.68742
1,53,21.184,37.745,323.84,2.69964
1,54,21.1938,37.7107,294.4,2.69964
1,55,21.184,37.745,279.68,2.69964
1,56,21.184,37.7792,294.4,2.69964
1,57,21.1448,37.8477,294.4,2.68742
1,58,21.1644,37.8134,294.4,2.69964
1,59,21.1644,37.8819,309.12,2.69964
1,60,21.184,37.7792,294.4,2.69964
1,61,21.1938,37.7792,294.4,2.69964
1,62,21.1938,37.7792,323.84,2.69964
1,63,21.1938,37.7792,323.84,2.69964
1,64,21.2036,37.7792,323.84,2.69964
1,65,21.2134,37.7107,323.84,2.69964
1,66,21.233,37.745,323.84,2.69964
1,67,21.2232,37.8477,323.84,2.69964
1,68,21.2232,37.8134,323.84,2.69964
1,69,21.2232,37.8819,323.84,2.69964
1,70,21.233,37.745,323.84,2.69964
1,71,21.184,37.9161,338.56,2.69964
1,72,21.1938,37.8477,338.56,2.68742
1,73,21.2428,37.7792,323.84,2.69964
1,74,21.2036,37.9845,323.84,2.69964
1,75,21.2232,37.7107,323.84,2.68742
1,76,21.2232,37.8477,309.12,2.69964
1,77,21.2036,37.8819,309.12,2.69964
1,78,21.2134,37.8477,309.12,2.69964
1,79,21.2134,37.8477,309.12,2.69964
1,80,21.2428,37.9845,309.12,2.69964
1,81,21.2526,38.0529,309.12,2.69964
1,82,21.2428,37.9845,309.12,2.68742
1,83,21.2624,38.0529,294.4,2.69964
1,84,21.2624,37.9161,294.4,2.69964
1,85,21.2526,37.9161,294.4,2.68742
1,86,21.2428,37.9845,294.4,2.69964
1,87,21.233,37.9503,294.4,2.69964
1,88,21.2428,37.9503,279.68,2.69964
1,89,21.2624,37.9845,279.68,2.69964
1,90,21.2722,38.1213,279.68,2.69964
1,91,21.2722,38.0529,279.68,2.69964
1,92,21.2624,37.9161,279.68,2.69964
1,93,21.2722,37.8819,279.68,2.69964
1,94,21.2624,38.2922,279.68,2.69964
1,95,21.2526,37.9161,279.68,2.69964
1,96,21.2624,38.0187,279.68,2.69964
1,97,21.2624,38.1213,279.68,2.69964
1,98,21.2428,37.9845,279.68,2.69964
1,99,21.2526,38.1897,279.68,2.68742
1,100,21.233,38.3946,279.68,2.69964
1,101,21.1742,38.3263,264.96,2.68742
1,102,21.1252,38.3263,279.68,2.69964
1,103,21.086,38.4629,279.68,2.68742
1,104,21.0664,38.5311,279.68,2.69964
1,105,21.086,38.5652,279.68,2.69964
1,106,21.0566,38.5311,294.4,2.68742
1,107,21.0664,38.4287,294.4,2.69964
1,108,21.0664,38.7698,309.12,2.69964
1,109,21.0566,38.8039,309.12,2.68742
1,110,21.1252,38.4287,323.84,2.69964
1,111,21.1644,38.3263,323.84,2.69964
1,112,21.184,38.2922,323.84,2.68742
1,113,21.2624,38.1213,309.12,2.69964
1,114,21.2722,38.258,309.12,2.69964
1,115,21.2722,37.9845,309.12,2.68742
1,116,21.2918,38.1897,309.12,2.68742
1,117,21.282,38.0529,294.4,2.69964
1,118,21.3212,38.1897,294.4,2.69964
1,119,21.331,38.0529,294.4,2.69964
1,120,21.3408,38.1897,294.4,2.69964
1,121,21.3212,38.3946,294.4,2.69964
1,122,21.331,38.3946,294.4,2.69964
1,123,21.3408,38.3263,294.4,2.69964
1,124,21.3604,38.3263,294.4,2.69964
1,125,21.3604,38.258,294.4,2.69964
1,126,21.3408,38.3263,294.4,2.69964
1,127,21.3604,38.1555,294.4,2.69964
1,128,21.38,38.0871,294.4,2.69964
1,129,21.3996,38.1897,294.4,2.69964
1,130,21.3996,38.0529,294.4,2.69964
1,131,21.38,38.0187,294.4,2.69964
1,132,21.38,38.0187,294.4,2.69964
1,133,21.38,38.3946,294.4,2.69964
1,134,21.331,38.1213,294.4,2.69964
1,135,21.3114,38.0871,294.4,2.69964
1,136,21.3016,38.1213,294.4,2.69964
1,137,21.3212,38.1555,279.68,2.69964
1,138,21.3408,38.1213,264.96,2.69964
1,139,21.3408,38.1213,264.96,2.69964
1,140,21.282,38.2239,264.96,2.69964
1,141,21.2624,38.258,264.96,2.68742
1,142,21.2624,38.3605,264.96,2.69964
1,143,21.2428,38.4629,264.96,2.69964
1,144,21.2036,38.4629,250.24,2.69964
1,145,21.2232,38.6334,250.24,2.69964
1,146,21.233,38.7698,250.24,2.69964
1,147,21.2232,38.7357,250.24,2.68742
1,148,21.2036,38.7698,250.24,2.69964
1,149,21.184,38.5993,250.24,2.69964
1,150,21.1252,38.7016,250.24,2.69964
1,151,21.1252,38.9061,250.24,2.69964
1,152,21.1056,39.1443,250.24,2.68742
1,153,21.0272,39.0763,250.24,2.69964
1,154,21.037,39.2803,250.24,2.69964
1,155,21.0076,39.1783,250.24,2.69964
1,156,20.9978,39.1783,250.24,2.68742
1,157,21.037,39.3483,235.52,2.69964
1,158,21.0272,39.1783,235.52,2.68742
1,159,21.0076,39.1103,235.52,2.68742
1,160,21.0076,39.2123,235.52,2.69964
1,161,20.9782,39.1443,235.52,2.69964
1,162,20.9782,39.3483,235.52,2.69964
1,163,20.9684,39.2803,235.52,2.69964
1,164,20.9684,39.2803,235.52,2.69964
1,165,20.9586,39.2463,235.52,2.69964
1,166,20.9488,39.2803,235.52,2.68742
1,167,20.9488,39.3143,235.52,2.69964
1,168,20.9292,39.3823,235.52,2.69964
1,169,20.9292,39.4502,235.52,2.69964
1,170,20.9096,39.4162,235.52,2.68742
1,171,20.8998,39.4162,235.52,2.68742
1,172,20.9096,39.4162,235.52,2.69964
1,173,20.9096,39.4842,235.52,2.69964
1,174,20.9292,39.3823,235.52,2.68742
1,175,20.9096,39.4162,235.52,2.68742
1,176,20.9194,39.4162,235.52,2.69964
1,177,20.9096,39.4502,235.52,2.69964
1,178,20.9096,39.4162,235.52,2.69964
1,179,20.8998,39.4162,235.52,2.69964
1,180,20.9096,39.4162,250.24,2.69964
1,181,20.89,39.4162,250.24,2.69964
1,182,20.8998,39.3483,250.24,2.69964
1,183,20.8802,39.3823,264.96,2.69964
1,184,20.89,39.3823,264.96,2.68742
1,185,20.89,39.4162,279.68,2.69964
1,186,20.89,39.4162,279.68,2.69964
1,187,20.8802,39.3483,279.68,2.69964
1,188,20.9096,39.5521,294.4,2.69964
1,189,20.9292,39.5521,294.4,2.69964
1,190,20.9292,39.5521,294.4,2.69964
1,191,20.9684,39.4162,309.12,2.68742
1,192,20.988,39.3483,309.12,2.68742
1,193,21.0174,39.2803,309.12,2.69964
1,194,21.0468,39.2463,309.12,2.69964
1,195,21.0664,39.2803,309.12,2.68742
1,196,21.1056,39.0422,309.12,2.69964
1,197,21.0958,39.0763,309.12,2.69964
1,198,21.1056,39.2123,294.4,2.69964
1,199,21.1154,39.2463,294.4,2.68742
1,200,21.1448,39.2123,294.4,2.69964
1,201,21.1448,39.0763,309.12,2.69964
1,202,21.1546,39.0763,294.4,2.69964
1,203,21.184,39.0763,294.4,2.68742
1,204,21.2036,39.1443,279.68,2.69964
1,205,21.2134,39.0422,279.68,2.69964
1,206,21.2036,39.1103,279.68,2.69964
1,207,21.1938,39.1443,279.68,2.69964
1,208,21.184,39.1443,279.68,2.69964
1,209,21.2036,38.9742,279.68,2.68742
1,210,21.1938,38.9061,279.68,2.69964
1,211,21.184,39.0763,279.68,2.69964
1,212,21.184,39.0763,279.68,2.69964
1,213,21.1742,39.0082,279.68,2.69964
1,214,21.1742,39.1103,279.68,2.68742
1,215,21.2036,39.0082,279.68,2.69964
1,216,21.2134,39.0422,279.68,2.69964
1,217,21.2428,38.9061,279.68,2.69964
1,218,21.2428,39.0082,264.96,2.69964
1,219,21.2036,39.0422,279.68,2.69964
1,220,21.2134,39.0763,279.68,2.69964
1,221,21.2232,39.0082,294.4,2.69964
1,222,21.2232,39.0082,309.12,2.69964
1,223,21.233,39.0422,323.84,2.69964
1,224,21.233,39.0422,323.84,2.69964
1,225,21.282,38.9061,338.56,2.69964
1,226,21.3016,38.9061,338.56,2.68742
1,227,21.331,38.872,323.84,2.69964
1,228,21.3408,38.872,323.84,2.68742
1,229,21.3408,38.7357,323.84,2.68742
1,230,21.3702,38.7357,323.84,2.69964
1,231,21.38,38.7357,323.84,2.69964
1,232,21.3506,38.7698,309.12,2.69964
1,233,21.3506,38.7357,294.4,2.69964
1,234,21.3604,38.5993,294.4,2.69964
1,235,21.4094,39.1783,279.68,2.69964
1,236,21.38,38.872,250.24,2.69964
1,237,21.3604,39.0082,264.96,2.69964
1,238,21.3702,38.9742,309.12,2.69964
1,239,21.3702,38.7698,279.68,2.68742
1,240,21.3702,38.9742,279.68,2.69964
1,241,21.3506,38.9401,279.68,2.69964
1,242,21.3604,39.0082,294.4,2.69964
1,243,21.3604,39.0082,309.12,2.68742
1,244,21.3408,39.0082,323.84,2.69964
1,245,21.3506,38.6675,323.84,2.69964
1,246,21.3506,38.8039,323.84,2.69964
1,247,21.3604,38.7698,309.12,2.69964
1,248,21.3996,38.7357,309.12,2.69964
1,249,21.4192,38.6675,323.84,2.69964
1,250,21.429,38.7357,323.84,2.69964
1,251,21.4094,38.8039,323.84,2.69964
1,252,21.4192,38.7698,323.84,2.69964
1,253,21.4388,38.6675,338.56,2.69964
1,254,21.478,38.6675,323.84,2.69964
1,255,21.5172,38.6675,323.84,2.69964
1,256,21.527,38.6334,323.84,2.69964
1,257,21.5564,38.5993,323.84,2.69964
1,258,21.5662,38.5993,323.84,2.69964
1,259,21.5564,38.5652,323.84,2.69964
1,260,21.5662,38.5993,309.12,2.69964
1,261,21.6054,38.3946,323.84,2.68742
1,262,21.5956,38.3946,309.12,2.69964
1,263,21.6152,38.3605,309.12,2.69964
1,264,21.625,38.258,294.4,2.69964
1,265,21.6152,38.3946,279.68,2.69964
1,266,21.5858,38.2239,264.96,2.69964
1,267,21.5956,38.1213,250.24,2.69964
1,268,21.4976,38.5311,235.52,2.69964
1,269,21.478,38.3946,235.52,2.69964
1,270,21.478,38.8039,235.52,2.69964
1,271,21.478,38.7357,235.52,2.69964
1,272,21.478,38.5993,235.52,2.69964
1,273,21.4976,38.8039,235.52,2.69964
1,274,21.4878,38.8379,224.48,2.69964
1,275,21.4584,38.5993,224.48,2.69964
1,276,21.478,38.7357,224.48,2.69964
1,277,21.3996,38.7357,224.48,2.69964
1,278,21.3702,38.8039,217.12,2.69964
1,279,21.38,38.872,217.12,2.69964
1,280,21.3604,38.872,217.12,2.69964
1,281,21.3506,39.0082,209.76,2.69964
1,282,21.3408,39.0082,209.76,2.69964
1,283,21.3408,38.9742,202.4,2.69964
1,284,21.282,39.0763,202.4,2.69964
1,285,21.2624,39.1103,202.4,2.69964
1,286,21.233,39.1443,209.76,2.68742
1,287,21.1938,39.1443,209.76,2.69964
1,288,21.1644,39.2123,209.76,2.69964
1,289,21.086,39.3143,217.12,2.69964
1,290,21.0664,39.3483,224.48,2.69964
1,291,21.0174,39.4162,217.12,2.68742
1,292,20.9488,39.62,235.52,2.69964
1,293,20.89,39.6878,235.52,2.68742
1,294,20.8704,39.6878,235.52,2.68742
1,295,20.8606,39.7896,250.24,2.69964
1,296,20.8802,40.0607,279.68,2.69964
1,297,20.9096,39.7217,309.12,2.69964
1,298,20.9194,39.8235,264.96,2.69964
1,299,21.0076,39.5181,279.68,2.68742
1,300,21.0272,39.5181,279.68,2.68742
1,301,21.0468,39.5521,294.4,2.69964
1,302,21.0762,39.3823,382.72,2.69964
1,303,21.086,39.3483,353.28,2.68742
1,304,21.184,39.2123,368,2.71196
1,305,21.2428,39.1443,323.84,2.69964
1,306,21.282,39.0082,323.84,2.69964
1,307,21.3114,39.0082,353.28,2.69964
1,308,21.38,38.8379,279.68,2.69964
1,309,21.3996,38.8039,264.96,2.69964
1,310,21.4192,38.7357,235.52,2.69964
1,311,21.429,38.7357,235.52,2.69964
1,312,21.4192,38.7016,224.48,2.69964
1,313,21.4192,38.7698,217.12,2.69964
1,314,21.4094,38.8039,217.12,2.69964
1,315,21.3996,38.8379,217.12,2.69964
1,316,21.3604,38.9061,217.12,2.68742
1,317,21.3212,38.9061,217.12,2.69964
1,318,21.3016,38.9401,224.48,2.69964
1,319,21.2624,39.1443,217.12,2.69964
1,320,21.233,39.1443,217.12,2.69964
1,321,21.2232,39.1443,195.04,2.69964
1,322,21.2036,39.1783,195.04,2.68742
1,323,21.1252,39.62,195.04,2.69964
1,324,21.1252,39.5521,202.4,2.69964
1,325,21.1056,39.7557,224.48,2.68742
1,326,21.1056,39.586,187.68,2.68742
1,327,21.086,39.5521,187.68,2.69964
1,328,21.086,39.5521,187.68,2.69964
1,329,21.086,39.5521,180.32,2.69964
1,330,21.0762,39.6539,187.68,2.68742
1,331,21.0664,39.6878,187.68,2.69964
1,332,21.0664,39.6878,187.68,2.68742
1,333,21.0468,39.7557,202.4,2.69964
1,334,21.0076,39.7557,202.4,2.69964
1,335,20.988,39.8574,202.4,2.69964
1,336,20.9586,39.9929,187.68,2.69964
1,337,20.9684,39.8913,172.96,2.68742
1,338,20.9096,40.0945,172.96,2.68742
1,339,20.8998,40.0607,165.6,2.68742
1,340,20.8998,40.1961,165.6,2.69964
1,341,20.8802,40.1961,158.24,2.69964
1,342,20.8704,40.3652,158.24,2.68742
1,343,20.8704,40.3652,158.24,2.68742
1,344,20.8704,40.2299,158.24,2.69964
1,345,20.8704,40.2299,158.24,2.69964
1,346,20.8802,40.1284,150.88,2.68742
1,347,20.8704,40.1961,150.88,2.69964
1,348,20.8802,40.1622,150.88,2.68742
1,349,20.8802,40.1622,150.88,2.68742
1,350,20.8802,40.1622,150.88,2.68742
1,351,20.8704,40.1622,150.88,2.68742
1,352,20.8704,40.1622,150.88,2.68742
1,353,20.7724,40.2299,150.88,2.68742
1,354,20.7332,40.4328,150.88,2.68742
1,355,20.7528,40.4328,150.88,2.68742
1,356,20.743,40.3652,150.88,2.69964
1,357,20.7332,40.4328,150.88,2.68742
1,358,20.7332,40.4328,143.52,2.68742
1,359,20.7234,40.4328,143.52,2.68742
1,360,20.7136,40.399,143.52,2.68742
1,361,20.7234,40.568,143.52,2.68742
1,362,122.153,-3.91901,10.12,2.048
1,363,20.7038,40.6355,143.52,2.69964
1,364,20.694,40.7031,143.52,2.68742
1,365,20.694,40.7706,136.16,2.68742
1,366,20.7038,40.7031,136.16,2.69964
1,367,20.694,40.6693,136.16,2.68742
1,368,122.153,-3.91901,10.12,2.048
1,369,20.6744,40.7031,128.8,2.68742
1,370,20.645,40.7706,128.8,2.68742
1,371,20.6352,40.7706,128.8,2.68742
1,372,20.6254,40.9055,128.8,2.69964
1,373,20.6156,40.8381,128.8,2.68742
1,374,20.5764,40.9055,121.44,2.69964
1,375,20.5568,40.973,121.44,2.68742
1,376,20.547,41.0067,121.44,2.68742
1,377,20.5372,40.973,121.44,2.68742
1,378,20.5176,40.973,114.08,2.68742
1,379,20.5078,41.0741,114.08,2.68742
1,380,20.498,41.0404,114.08,2.68742
1,381,20.449,41.0404,114.08,2.69964
1,382,20.4294,41.0741,114.08,2.68742
1,383,20.4,41.1751,114.08,2.68742
1,384,20.4,41.2425,114.08,2.68742
1,385,20.3902,41.2088,114.08,2.68742
1,386,20.3804,41.1751,114.08,2.68742
1,387,20.3608,41.1751,114.08,2.68742
1,388,20.3412,41.2088,114.08,2.68742
1,389,20.351,41.3098,114.08,2.68742
1,390,20.3412,41.2761,114.08,2.68742
1,391,20.3314,41.3098,114.08,2.68742
1,392,20.3216,41.3098,114.08,2.68742
1,393,20.3412,41.3098,114.08,2.68742
1,394,20.3216,41.3435,114.08,2.68742
1,395,20.3216,41.3098,108.56,2.68742
1,396,20.302,41.3098,108.56,2.68742
1,397,20.302,41.2761,108.56,2.68742
1,398,20.2922,41.2761,108.56,2.68742
1,399,20.2628,41.2425,108.56,2.68742
1,400,20.2432,41.3098,108.56,2.68742
1,401,20.2432,41.4108,108.56,2.67532
1,402,20.253,41.3771,108.56,2.68742
1,403,20.2432,41.3771,108.56,2.68742
1,404,20.2236,41.3771,108.56,2.68742
1,405,20.2334,41.3771,108.56,2.68742
1,406,20.2138,41.3771,108.56,2.68742
1,407,20.2138,41.4108,108.56,2.68742
1,408,20.204,41.4108,108.56,2.68742
1,409,20.204,41.4108,108.56,2.68742
1,410,20.204,41.4108,108.56,2.68742
1,411,20.1844,41.4108,108.56,2.68742
1,412,20.1844,41.4108,108.56,2.68742
1,413,20.1844,41.3771,108.56,2.68742
1,414,20.1746,41.3435,108.56,2.68742
1,415,20.1648,41.3771,104.88,2.68742
1,416,20.1648,41.3771,104.88,2.67532
1,417,20.1746,41.3435,104.88,2.68742
1,418,20.1452,41.3098,104.88,2.68742
1,419,20.1256,41.2761,101.2,2.68742
1,420,20.106,41.2425,101.2,2.68742
1,421,20.1158,41.4444,101.2,2.67532
1,422,20.0864,41.4444,101.2,2.68742
1,423,20.0864,41.478,97.52,2.68742
1,424,20.0668,41.5116,97.52,2.68742
1,425,20.057,41.3771,97.52,2.68742
1,426,20.0472,41.4108,93.84,2.69964
1,427,20.0276,41.4108,93.84,2.68742
1,428,19.9982,41.6461,93.84,2.68742
1,429,20.0276,41.7133,93.84,2.68742
1,430,20.0178,41.5789,93.84,2.68742
1,431,20.0374,41.5789,93.84,2.68742
1,432,20.0276,41.4108,90.16,2.68742
1,433,19.9884,41.5789,90.16,2.68742
1,434,19.9884,41.5116,86.48,2.68742
1,435,19.9884,41.6461,90.16,2.68742
1,436,19.9786,41.7133,90.16,2.67532
1,437,19.9786,41.6797,90.16,2.68742
1,438,19.9688,41.7469,90.16,2.68742
1,439,19.959,41.8476,90.16,2.68742
1,440,19.9786,41.9147,86.48,2.68742
1,441,19.9884,41.8476,86.48,2.68742
1,442,19.9884,41.7805,86.48,2.68742
1,443,20.008,41.6797,82.8,2.68742
1,444,19.9982,41.7133,82.8,2.68742
1,445,19.9884,41.6125,82.8,2.68742
1,446,19.9884,41.6461,82.8,2.68742
1,447,19.9884,41.5789,82.8,2.68742
1,448,19.9884,41.6797,82.8,2.67532
1,449,19.9786,41.5116,82.8,2.68742
1,450,19.9884,41.4444,82.8,2.68742
1,451,19.9786,41.4444,82.8,2.68742
1,452,121.997,-1.41947,9.2,2.01329
1,453,19.9786,41.3771,82.8,2.68742
1,454,19.9688,41.3771,82.8,2.67532
1,455,121.977,-0.457683,9.2,2.01329
1,456,19.9688,41.7805,82.8,2.68742
1,457,19.9492,41.7469,82.8,2.67532
1,458,19.9492,41.3771,82.8,2.67532
1,459,19.9492,41.4444,82.8,2.67532
1,460,121.918,4.77448,9.2,2.01329
1,461,19.9394,41.478,82.8,2.67532
1,462,19.9492,41.4444,79.12,2.67532
1,463,19.91,41.5453,79.12,2.68742
1,464,19.9198,41.5116,79.12,2.68742
1,465,19.91,41.5116,79.12,2.68742
1,466,19.91,41.5116,79.12,2.68742
1,467,19.9002,41.5789,79.12,2.68742
1,468,19.8904,41.6125,79.12,2.68742
1,469,19.8904,41.7805,79.12,2.68742
1,470,19.8806,41.7805,79.12,2.68742
1,471,122.153,8.67328,9.2,2.00649
1,472,121.526,7.19833,9.2,2.00649
1,473,19.8806,41.5789,79.12,2.67532
1,474,19.8708,41.5116,79.12,2.67532
1,475,19.8512,41.5116,79.12,2.68742
1,476,19.861,41.5116,79.12,2.68742
1,477,19.8512,41.5116,79.12,2.68742
1,478,19.8512,41.4444,79.12,2.68742
1,479,19.8414,41.478,79.12,2.68742
1,480,19.8512,41.4444,79.12,2.68742
1,481,19.8512,41.4444,79.12,2.68742
1,482,19.8512,41.5116,79.12,2.67532
1,483,19.8414,41.5116,79.12,2.68742
1,484,19.8512,41.5789,79.12,2.68742
1,485,121.997,14.9461,8.28,2.00649
1,486,19.8414,41.5789,79.12,2.68742
1,487,19.8316,41.6461,75.44,2.67532
1,488,19.8022,41.6797,75.44,2.68742
1,489,19.7924,41.6461,75.44,2.67532
1,490,19.812,41.6125,75.44,2.67532
1,491,19.7924,41.6461,75.44,2.67532
1,492,19.7924,41.6461,75.44,2.67532
1,493,19.7924,41.6797,75.44,2.68742
1,494,19.7826,41.6797,75.44,2.68742
1,495,19.7826,41.6797,75.44,2.67532
1,496,19.7924,41.6461,75.44,2.67532
1,497,19.7826,41.6125,75.44,2.67532
1,498,19.7826,41.6461,71.76,2.68742
1,499,19.7728,41.5789,71.76,2.67532
1,500,19.7728,41.6125,71.76,2.68742
1,501,19.7924,41.5116,71.76,2.68742
1,502,19.763,41.6125,71.76,2.67532
1,503,19.7532,41.6461,71.76,2.68742
1,504,19.7532,41.6461,71.76,2.68742
1,505,19.7532,41.6461,71.76,2.67532
1,506,19.7532,41.6797,71.76,2.68742
1,507,19.7042,41.6461,71.76,2.68742
1,508,19.7042,41.6461,71.76,2.67532
1,509,19.714,41.6461,71.76,2.68742
1,510,19.714,41.5789,71.76,2.68742
1,511,19.7042,41.6461,71.76,2.67532
1,512,19.714,41.5789,71.76,2.68742
1,513,19.7042,41.5789,68.08,2.68742
1,514,19.6944,41.5453,68.08,2.67532
1,515,19.7042,41.5789,68.08,2.67532
1,516,19.6944,41.5789,68.08,2.68742
1,517,19.7042,41.6125,68.08,2.67532
1,518,19.714,41.6125,64.4,2.67532
1,519,19.6944,41.6125,64.4,2.67532
1,520,19.7042,41.6125,64.4,2.68742
1,521,19.6846,41.6461,64.4,2.67532
1,522,19.6846,41.6461,60.72,2.68742
1,523,19.6846,41.6461,60.72,2.68742
1,524,19.6846,41.6461,60.72,2.67532
1,525,19.6944,41.6461,60.72,2.67532
1,526,19.6944,41.6461,60.72,2.67532
1,527,19.6748,41.6461,60.72,2.68742
1,528,19.6552,41.6461,57.04,2.68742
1,529,19.6454,41.6461,53.36,2.68742
1,530,19.6356,41.6461,57.04,2.68742
1,531,19.6062,41.6461,53.36,2.67532
1,532,19.567,41.7133,53.36,2.68742
1,533,19.567,41.7133,53.36,2.67532
1,534,19.567,41.7133,53.36,2.67532
1,535,19.567,41.6461,53.36,2.67532
1,536,19.567,41.6461,53.36,2.67532
1,537,19.5768,41.5789,53.36,2.67532
1,538,19.5866,41.6461,50.6,2.67532
1,539,19.5768,41.7133,50.6,2.67532
1,540,19.5768,41.7469,50.6,2.67532
1,541,19.5866,41.7805,50.6,2.68742
1,542,19.5768,41.6461,50.6,2.67532
1,543,19.5768,41.6797,50.6,2.68742
1,544,19.5768,41.7469,50.6,2.67532
1,545,19.5572,41.7133,48.76,2.66332
1,546,19.567,41.6797,48.76,2.68742
1,547,19.567,41.6797,48.76,2.68742
1,548,19.5572,41.7133,48.76,2.68742
1,549,19.5572,41.7133,48.76,2.67532
1,550,19.5572,41.6797,48.76,2.68742
1,551,19.5572,41.6461,48.76,2.68742
1,552,19.5376,41.6461,48.76,2.67532
1,553,19.4984,41.7133,48.76,2.67532
1,554,19.5082,41.7133,46.92,2.68742
1,555,19.518,41.7133,46.92,2.67532
1,556,19.5082,41.7133,46.92,2.68742
1,557,19.518,41.7133,46.92,2.67532
1,558,19.518,41.7133,46.92,2.68742
1,559,19.4984,41.6461,45.08,2.68742
1,560,19.4984,41.6125,45.08,2.67532
1,561,19.4984,41.6461,45.08,2.67532
1,562,19.4886,41.6797,45.08,2.67532
1,563,19.4788,41.6461,45.08,2.67532
1,564,19.469,41.7133,45.08,2.67532
1,565,19.4788,41.7133,45.08,2.67532
1,566,19.4592,41.7805,45.08,2.67532
1,567,19.4788,41.7805,45.08,2.68742
1,568,19.4592,41.7805,43.24,2.67532
1,569,19.4592,41.7805,43.24,2.67532
1,570,19.4592,41.814,43.24,2.67532
1,571,19.4396,41.7469,43.24,2.68742
1,572,19.42,41.7805,43.24,2.68742
1,573,19.4004,41.814,43.24,2.67532
1,574,19.3808,41.814,43.24,2.67532
1,575,19.3808,41.814,43.24,2.67532
1,576,19.371,41.814,43.24,2.67532
1,577,19.371,41.814,43.24,2.67532
1,578,19.3808,41.814,43.24,2.67532
1,579,19.3612,41.814,43.24,2.67532
1,580,19.3612,41.814,43.24,2.67532
1,581,19.3514,41.7805,45.08,2.67532
1,582,19.3514,41.7469,45.08,2.68742
1,583,19.3416,41.7133,45.08,2.67532
1,584,19.3416,41.7805,45.08,2.67532
1,585,19.3416,41.814,45.08,2.67532
1,586,19.3318,41.8812,45.08,2.68742
1,587,19.3122,41.9147,45.08,2.67532
1,588,19.3416,41.8476,45.08,2.67532
1,589,19.3122,41.8476,45.08,2.67532
1,590,19.322,41.8476,45.08,2.67532
1,591,19.322,41.8476,45.08,2.67532
1,592,19.322,41.8476,45.08,2.67532
1,593,19.322,41.8476,45.08,2.67532
1,594,19.322,41.8476,45.08,2.67532
1,595,19.3024,41.8476,45.08,2.67532
1,596,19.3024,41.8476,45.08,2.67532
1,597,19.3024,41.814,45.08,2.67532
1,598,19.3024,41.7805,45.08,2.67532
1,599,19.3024,41.814,45.08,2.67532
1,600,19.3024,41.7805,45.08,2.67532
1,601,19.3024,41.7805,45.08,2.67532
1,602,19.3024,41.7469,45.08,2.67532
1,603,19.2828,41.7133,45.08,2.67532
1,604,19.2828,41.7133,45.08,2.67532
1,605,19.2828,41.7133,45.08,2.67532
1,606,19.2632,41.7133,45.08,2.68742
1,607,19.273,41.7133,45.08,2.67532
1,608,19.2632,41.7133,45.08,2.67532
1,609,19.2534,41.814,45.08,2.67532
1,610,19.2338,41.7805,45.08,2.66332
1,611,19.2436,41.8476,45.08,2.68742
1,612,19.2436,41.8476,43.24,2.68742
1,613,19.2436,41.814,43.24,2.67532
1,614,19.224,41.8476,43.24,2.67532
1,615,19.224,41.8476,43.24,2.67532
1,616,19.2338,41.814,43.24,2.67532
1,617,19.224,41.814,43.24,2.67532
1,618,19.224,41.7805,43.24,2.67532
1,619,19.224,41.7133,43.24,2.67532
1,620,19.1554,41.8476,43.24,2.67532
1,621,19.1652,41.814,43.24,2.67532
1,622,19.1652,41.7469,43.24,2.67532
1,623,19.1652,41.814,43.24,2.67532
1,624,19.1652,41.814,43.24,2.67532
1,625,19.175,41.8476,43.24,2.67532
1,626,19.1848,41.7133,43.24,2.67532
1,627,19.1652,41.814,43.24,2.67532
1,628,19.1652,41.814,43.24,2.67532
1,629,19.1652,41.8476,43.24,2.67532
1,630,19.1652,41.8476,43.24,2.67532
1,631,19.1554,41.8812,43.24,2.67532
1,632,19.1554,41.8476,43.24,2.67532
1,633,19.1456,41.8476,43.24,2.67532
1,634,19.1456,41.8476,43.24,2.67532
1,635,19.1456,41.9147,43.24,2.66332
1,636,19.1456,41.9147,43.24,2.67532
1,637,19.1456,41.9147,43.24,2.67532
1,638,19.1456,41.9147,43.24,2.66332
1,639,19.1358,41.9147,43.24,2.66332
1,640,19.1456,41.9147,43.24,2.67532
1,641,19.1456,41.9147,43.24,2.67532
1,642,19.1456,41.9147,43.24,2.67532
1,643,19.1456,41.8812,43.24,2.67532
1,644,19.1456,41.9147,43.24,2.67532
1,645,19.1456,41.8812,43.24,2.67532
1,646,19.1358,41.8476,43.24,2.67532
1,647,19.126,41.8476,43.24,2.67532
1,648,19.1456,41.8476,43.24,2.67532
1,649,19.1358,41.8476,43.24,2.67532
1,650,19.1358,41.7805,43.24,2.67532
1,651,19.1456,41.814,43.24,2.67532
1,652,19.1064,41.8476,45.08,2.67532
1,653,19.0868,41.7805,45.08,2.67532
1,654,19.0966,41.8476,45.08,2.67532
1,655,19.0868,41.8812,45.08,2.67532
1,656,19.0966,41.9483,45.08,2.67532
1,657,19.0868,41.9147,45.08,2.67532
1,658,19.0868,41.9147,45.08,2.67532
1,659,19.0966,41.9147,45.08,2.66332
1,660,19.0966,41.9818,45.08,2.67532
1,661,19.0868,41.9147,45.08,2.67532
1,662,19.1064,41.9483,45.08,2.67532
1,663,19.077,41.9483,45.08,2.67532
1,664,19.077,41.9147,45.08,2.67532
1,665,19.0868,41.9147,45.08,2.67532
1,666,19.0868,41.9147,45.08,2.67532
1,667,19.077,41.9147,45.08,2.67532
1,668,19.0672,41.8812,45.08,2.67532
1,669,19.0672,41.8476,45.08,2.67532
1,670,19.0574,41.8476,45.08,2.66332
1,671,19.0476,41.8476,45.08,2.67532
1,672,19.0574,41.7805,45.08,2.67532
1,673,19.0476,41.814,45.08,2.67532
1,674,19.0476,41.7805,45.08,2.67532
1,675,19.0476,41.8476,45.08,2.67532
1,676,19.0574,41.814,45.08,2.66332
1,677,19.0574,41.9147,45.08,2.67532
1,678,19.0574,41.8476,43.24,2.67532
1,679,19.0574,41.9147,43.24,2.67532
1,680,19.0574,41.9147,43.24,2.67532
1,681,19.0476,41.8812,43.24,2.67532
1,682,19.0476,41.9147,43.24,2.67532
1,683,19.0476,41.9483,43.24,2.67532
1,684,19.0476,41.9147,43.24,2.67532
1,685,19.0476,41.9818,43.24,2.67532
1,686,19.0476,41.9147,43.24,2.66332
1,687,19.0378,41.9483,43.24,2.67532
1,688,19.028,41.9818,43.24,2.67532
1,689,19.0182,41.9818,43.24,2.67532
1,690,19.0084,41.9818,43.24,2.67532
1,691,19.0084,41.9818,43.24,2.67532
1,692,18.9986,41.9818,43.24,2.67532
1,693,18.9986,41.9483,43.24,2.67532
1,694,19.0182,41.8812,43.24,2.67532
1,695,19.0084,41.8812,43.24,2.67532
1,696,19.0084,41.8812,43.24,2.66332
1,697,19.0084,41.9147,43.24,2.67532
1,698,18.9986,41.9147,43.24,2.67532
1,699,18.9692,41.9147,43.24,2.67532
1,700,18.979,41.9818,43.24,2.67532
1,701,18.9888,41.9818,43.24,2.67532
1,702,18.9888,41.9483,43.24,2.67532
1,703,18.9986,41.9147,43.24,2.67532
1,704,18.9888,41.9483,43.24,2.67532
1,705,18.9888,42.0154,43.24,2.67532
1,706,18.979,41.9818,43.24,2.66332
1,707,18.9888,42.0489,43.24,2.67532
1,708,18.9888,42.0154,43.24,2.67532
1,709,18.9888,42.0154,43.24,2.67532
1,710,18.979,42.0489,43.24,2.67532
1,711,18.9692,42.0489,43.24,2.67532
1,712,18.979,42.0489,43.24,2.67532
1,713,18.9692,42.0489,43.24,2.67532
1,714,18.979,42.0154,43.24,2.67532
1,715,18.9692,42.0154,43.24,2.67532
1,716,18.9594,41.9818,43.24,2.67532
1,717,18.9594,41.9818,43.24,2.67532
1,718,18.9692,41.9818,43.24,2.66332
1,719,18.9692,41.9818,43.24,2.66332
1,720,18.979,41.9147,43.24,2.67532
1,721,18.979,41.9147,43.24,2.67532
1,722,18.9594,41.9147,43.24,2.67532
1,723,18.979,41.8812,43.24,2.67532
1,724,18.9692,41.9147,43.24,2.66332
1,725,18.9496,41.9147,43.24,2.67532
1,726,18.9496,41.9147,43.24,2.67532
1,727,18.9496,41.9147,43.24,2.66332
1,728,18.9496,41.9147,43.24,2.67532
1,729,18.9496,41.9147,43.24,2.66332
1,730,18.9594,41.8476,43.24,2.66332
1,731,18.9496,41.8476,43.24,2.67532
1,732,18.9398,41.8812,43.24,2.67532
1,733,18.9496,41.9147,43.24,2.67532
1,734,18.9398,41.9818,43.24,2.67532
1,735,18.9398,41.9483,43.24,2.66332
1,736,18.93,42.0489,43.24,2.67532
1,737,18.93,42.0824,43.24,2.66332
1,738,18.93,42.116,43.24,2.67532
1,739,18.93,42.0489,43.24,2.66332
1,740,18.9398,42.0489,43.24,2.67532
1,741,18.93,42.0824,43.24,2.66332
1,742,18.9202,42.0824,43.24,2.66332
1,743,18.93,42.116,43.24,2.66332
1,744,18.93,42.0824,43.24,2.66332
1,745,18.93,42.0489,43.24,2.66332
1,746,18.93,42.0489,43.24,2.66332
1,747,18.9104,42.0489,43.24,2.67532
1,748,18.9104,42.0489,43.24,2.68742
1,749,18.9104,42.0489,43.24,2.66332
1,750,18.9006,42.0154,43.24,2.67532
1,751,18.9104,41.9818,43.24,2.67532
1,752,18.9006,41.9818,43.24,2.67532
1,753,18.9006,41.9483,43.24,2.67532
1,754,18.881,42.0154,43.24,2.66332
1,755,18.8908,41.9818,43.24,2.66332
1,756,18.881,42.0154,43.24,2.66332
1,757,18.8712,41.9818,43.24,2.66332
1,758,18.8908,41.9818,43.24,2.67532
1,759,18.8908,42.0489,43.24,2.67532
1,760,18.8908,42.0489,45.08,2.67532
1,761,18.8712,42.1495,45.08,2.66332
1,762,18.8712,42.183,45.08,2.67532
1,763,18.8614,42.183,45.08,2.67532
1,764,18.8712,42.2165,45.08,2.67532
1,765,18.8614,42.2165,45.08,2.66332
1,766,18.8712,42.183,45.08,2.67532
1,767,18.8712,42.116,45.08,2.67532
1,768,18.881,42.183,45.08,2.67532
1,769,18.8908,42.1495,45.08,2.67532
1,770,18.8908,42.1495,45.08,2.67532
1,771,18.881,42.1495,45.08,2.66332
1,772,18.8908,42.116,45.08,2.67532
1,773,18.8908,42.116,45.08,2.67532
1,774,18.8908,42.116,45.08,2.67532
1,775,18.881,42.0824,45.08,2.66332
1,776,18.8712,42.0824,45.08,2.66332
1,777,18.8712,42.0824,45.08,2.67532
1,778,18.8614,42.0489,45.08,2.67532
1,779,18.8712,42.0154,45.08,2.67532
1,780,18.8712,42.0489,45.08,2.67532
1,781,18.8614,42.0824,45.08,2.66332
1,782,18.8614,42.0824,45.08,2.67532
1,783,18.8712,42.116,45.08,2.67532
1,784,18.8516,42.116,45.08,2.66332
1,785,18.8516,42.116,45.08,2.67532
1,786,18.8516,42.116,45.08,2.66332
1,787,18.832,42.1495,45.08,2.67532
1,788,18.8418,42.183,45.08,2.67532
1,789,18.8418,42.2165,45.08,2.67532
1,790,18.832,42.25,45.08,2.67532
1,791,18.832,42.25,45.08,2.67532
1,792,18.8222,42.317,45.08,2.67532
1,793,18.832,42.2835,45.08,2.67532
1,794,18.832,42.25,45.08,2.66332
1,795,18.832,42.25,45.08,2.67532
1,796,18.8418,42.317,45.08,2.67532
1,797,18.8516,42.25,45.08,2.67532
1,798,18.8516,42.25,45.08,2.66332
1,799,18.832,42.25,45.08,2.67532
1,800,18.832,42.2165,45.08,2.67532
1,801,18.8418,42.183,45.08,2.67532
1,802,18.8418,42.183,45.08,2.67532
1,803,18.8418,42.1495,45.08,2.67532
1,804,18.832,42.116,45.08,2.67532
1,805,18.8418,42.1495,45.08,2.67532
1,806,18.832,42.116,45.08,2.66332
1,807,18.832,42.116,45.08,2.67532
1,808,18.832,42.116,45.08,2.66332
1,809,18.832,42.116,45.08,2.67532
1,810,18.832,42.1495,45.08,2.66332
1,811,18.8222,42.1495,45.08,2.67532
1,812,18.8222,42.1495,45.08,2.67532
1,813,18.8124,42.183,43.24,2.67532
1,814,18.8222,42.25,43.24,2.66332
1,815,18.8222,42.25,43.24,2.66332
1,816,18.8124,42.25,43.24,2.67532
1,817,18.832,42.317,43.24,2.67532
1,818,18.832,42.25,43.24,2.66332
1,819,18.8222,42.2835,43.24,2.66332
1,820,18.8124,42.25,43.24,2.67532
1,821,18.8124,42.2165,43.24,2.67532
1,822,18.832,42.25,43.24,2.67532
1,823,18.8222,42.183,43.24,2.65143
1,824,18.8222,42.183,43.24,2.67532
1,825,18.8222,42.183,43.24,2.67532
1,826,18.832,42.1495,43.24,2.66332
1,827,18.8124,42.116,43.24,2.66332
1,828,18.8124,42.116,43.24,2.67532
1,829,18.8222,42.116,43.24,2.67532
1,830,18.8222,42.1495,43.24,2.67532
1,831,18.7928,42.183,43.24,2.67532
1,832,18.7928,42.116,43.24,2.66332
1,833,18.8124,42.1495,43.24,2.67532
1,834,18.7928,42.183,43.24,2.67532
1,835,18.7928,42.183,43.24,2.67532
1,836,18.7928,42.2165,43.24,2.66332
1,837,18.7928,42.317,43.24,2.67532
1,838,18.7928,42.317,43.24,2.67532
1,839,18.7928,42.317,43.24,2.67532
1,840,18.8026,42.2835,43.24,2.67532
1,841,18.7928,42.3505,43.24,2.67532
1,842,18.7928,42.384,43.24,2.67532
1,843,18.8026,42.317,43.24,2.66332
1,844,18.8026,42.317,43.24,2.66332
1,845,18.7928,42.3505,43.24,2.66332
1,846,18.7928,42.3505,43.24,2.65143
1,847,18.783,42.3505,45.08,2.67532
1,848,18.7732,42.384,45.08,2.66332
1,849,18.7438,42.3505,45.08,2.67532
1,850,18.7536,42.3505,45.08,2.66332
1,851,18.7536,42.3505,45.08,2.67532
1,852,18.7536,42.3505,45.08,2.66332
1,853,18.7634,42.317,45.08,2.66332
1,854,18.7634,42.2835,45.08,2.66332
1,855,18.7732,42.25,45.08,2.66332
1,856,18.7634,42.25,45.08,2.67532
1,857,18.7536,42.2835,45.08,2.66332
1,858,18.7536,42.25,45.08,2.66332
1,859,18.7536,42.25,45.08,2.67532
1,860,18.734,42.317,45.08,2.66332
1,861,18.7242,42.384,45.08,2.67532
1,862,18.734,42.317,45.08,2.66332
1,863,18.7144,42.317,45.08,2.66332
1,864,18.7242,42.2835,45.08,2.66332
1,865,18.7242,42.3505,45.08,2.67532
1,866,18.7242,42.384,45.08,2.67532
1,867,18.734,42.317,45.08,2.66332
1,868,18.734,42.317,45.08,2.66332
1,869,18.7438,42.3505,45.08,2.66332
1,870,18.734,42.4844,45.08,2.66332
1,871,18.7242,42.4509,45.08,2.66332
1,872,18.7242,42.4509,45.08,2.67532
1,873,18.7242,42.4509,45.08,2.65143
1,874,18.7144,42.5178,45.08,2.67532
1,875,18.734,42.384,45.08,2.67532
1,876,18.7242,42.4509,45.08,2.67532
1,877,18.734,42.5178,43.24,2.67532
1,878,18.7242,42.4509,45.08,2.66332
1,879,18.734,42.4509,45.08,2.66332
1,880,18.7438,42.4174,45.08,2.66332
1,881,18.7242,42.4509,45.08,2.67532
1,882,18.7144,42.4509,45.08,2.66332
1,883,18.734,42.3505,45.08,2.67532
1,884,18.7144,42.384,45.08,2.67532
1,885,18.7046,42.384,45.08,2.66332
1,886,18.6948,42.384,45.08,2.67532
1,887,18.7046,42.384,45.08,2.65143
1,888,18.7046,42.4509,45.08,2.66332
1,889,18.685,42.5178,45.08,2.66332
1,890,18.6948,42.5513,43.24,2.67532
1,891,18.6752,42.5513,43.24,2.67532
1,892,18.6752,42.5847,43.24,2.66332
1,893,18.6948,42.5847,43.24,2.67532
1,894,18.6752,42.5847,43.24,2.67532
1,895,18.685,42.5847,43.24,2.66332
1,896,18.6948,42.5847,43.24,2.66332
1,897,18.6752,42.5513,43.24,2.66332
1,898,18.685,42.5178,43.24,2.67532
1,899,18.685,42.5847,43.24,2.66332
1,900,18.6752,42.5847,43.24,2.67532
1,901,18.6556,42.5847,43.24,2.67532
1,902,18.6654,42.5847,43.24,2.65143
1,903,18.6654,42.5513,43.24,2.67532
1,904,18.6654,42.5178,43.24,2.67532
1,905,18.6556,42.5847,43.24,2.67532
1,906,18.636,42.5847,43.24,2.66332
1,907,18.636,42.5178,43.24,2.66332
1,908,18.636,42.4844,43.24,2.67532
1,909,18.6458,42.5513,43.24,2.66332
1,910,18.636,42.5178,43.24,2.66332
1,911,18.636,42.5178,43.24,2.67532
1,912,18.636,42.5847,43.24,2.67532
1,913,18.636,42.5847,43.24,2.66332
1,914,18.636,42.5847,43.24,2.66332
1,915,18.6262,42.5847,43.24,2.67532
1,916,18.636,42.5847,43.24,2.66332
1,917,18.636,42.6516,43.24,2.67532
1,918,18.6164,42.7519,43.24,2.66332
1,919,18.6164,42.685,43.24,2.65143
1,920,18.6164,42.7185,43.24,2.67532
1,921,18.6164,42.7185,43.24,2.66332
1,922,18.6262,42.7185,43.24,2.67532
1,923,18.6164,42.7853,43.24,2.66332
1,924,18.6164,42.7185,43.24,2.65143
1,925,18.6164,42.7185,43.24,2.67532
1,926,18.6262,42.7185,43.24,2.67532
1,927,18.6262,42.685,43.24,2.67532
1,928,18.6262,42.6182,43.24,2.66332
1,929,18.6262,42.6516,43.24,2.66332
1,930,18.6164,42.6516,43.24,2.66332
1,931,18.5968,42.7185,43.24,2.66332
1,932,18.5968,42.685,43.24,2.67532
1,933,18.5968,42.685,43.24,2.67532
1,934,18.5968,42.6516,43.24,2.66332
1,935,18.5968,42.7185,43.24,2.66332
1,936,18.587,42.7185,43.24,2.66332
1,937,18.5772,42.6516,43.24,2.66332
1,938,18.587,42.6516,43.24,2.65143
1,939,18.587,42.6516,43.24,2.66332
1,940,18.5968,42.5847,43.24,2.66332
1,941,18.5968,42.5847,43.24,2.66332
1,942,18.5968,42.6516,43.24,2.66332
1,943,18.5968,42.6516,43.24,2.66332
1,944,18.5772,42.7185,43.24,2.66332
1,945,18.5772,42.7519,43.24,2.67532
1,946,18.5772,42.7519,43.24,2.66332
1,947,18.5674,42.7853,43.24,2.66332
1,948,18.5576,42.8521,43.24,2.66332
1,949,18.5576,42.8521,43.24,2.66332
1,950,18.5478,42.8521,43.24,2.66332
1,951,18.5576,42.8521,43.24,2.67532
1,952,18.5772,42.7853,43.24,2.67532
1,953,18.5772,42.7853,43.24,2.66332
1,954,18.5576,42.8521,43.24,2.67532
1,955,18.538,42.8855,43.24,2.66332
1,956,18.5478,42.7853,43.24,2.66332
1,957,18.5576,42.7185,43.24,2.65143
1,958,18.5478,42.8187,43.24,2.65143
1,959,18.538,42.8521,43.24,2.66332
1,960,18.5184,42.8187,43.24,2.67532
1,961,18.5086,42.8187,43.24,2.66332
1,962,18.5086,42.8855,43.24,2.66332
1,963,18.4988,42.8521,43.24,2.66332
1,964,18.4988,42.8855,43.24,2.66332
1,965,18.4988,42.8521,43.24,2.66332
1,966,18.489,42.9856,43.24,2.66332
1,967,18.489,43.019,43.24,2.66332
1,968,18.4792,43.0524,43.24,2.67532
1,969,18.4988,43.019,43.24,2.66332
1,970,18.4988,42.9856,43.24,2.65143
1,971,18.4988,42.9856,43.24,2.67532
1,972,18.489,43.0858,43.24,2.65143
1,973,18.4988,43.0524,43.24,2.66332
1,974,18.4988,43.0524,43.24,2.66332
1,975,18.4792,42.9856,43.24,2.66332
1,976,18.489,43.019,43.24,2.66332
1,977,18.4792,43.019,43.24,2.66332
1,978,18.4792,43.0858,43.24,2.65143
1,979,18.4792,43.019,43.24,2.66332
1,980,18.4792,42.9523,43.24,2.66332
1,981,18.489,42.9189,43.24,2.66332
1,982,18.4792,42.9189,43.24,2.66332
1,983,18.489,42.9523,43.24,2.67532
1,984,18.489,42.9856,43.24,2.66332
1,985,18.4792,42.9856,43.24,2.66332
1,986,18.4694,42.9189,43.24,2.66332
1,987,18.4694,42.9189,43.24,2.65143
1,988,18.4694,42.9856,43.24,2.66332
1,989,18.4694,42.9856,43.24,2.66332
1,990,18.4596,43.019,43.24,2.65143
1,991,18.4792,42.9856,43.24,2.65143
1,992,18.4694,43.019,43.24,2.66332
1,993,18.4694,43.0524,43.24,2.66332
1,994,18.4792,43.0524,43.24,2.66332
1,995,18.4596,43.0858,43.24,2.66332
1,996,18.4792,43.1191,43.24,2.65143
1,997,18.4596,43.0858,43.24,2.66332
1,998,18.4694,43.0524,43.24,2.65143
1,999,18.4792,42.9856,43.24,2.66332
1,1000,18.4988,42.9189,43.24,2.66332
1,1001,18.4792,43.0858,43.24,2.66332
1,1002,18.4596,43.0524,43.24,2.66332
1,1003,18.4792,43.0858,43.24,2.66332
1,1004,18.4792,43.0524,43.24,2.66332
1,1005,18.4596,43.1191,43.24,2.66332
1,1006,18.4498,43.1191,43.24,2.67532
1,1007,18.44,43.0858,43.24,2.66332
1,1008,18.44,43.1191,43.24,2.65143
1,1009,18.4498,43.0524,43.24,2.65143
1,1010,18.4302,43.1525,43.24,2.66332
1,1011,18.44,43.1858,43.24,2.66332
1,1012,18.4302,43.2525,43.24,2.65143
1,1013,18.4302,43.2525,43.24,2.65143
1,1014,18.4302,43.2858,43.24,2.67532
1,1015,18.391,43.3858,43.24,2.66332
1,1016,18.391,43.3525,43.24,2.65143
1,1017,18.391,43.3525,43.24,2.65143
1,1018,18.391,43.2191,43.24,2.65143
1,1019,18.3812,43.2858,43.24,2.66332
1,1020,18.391,43.3191,43.24,2.66332
1,1021,18.3812,43.3858,43.24,2.65143
1,1022,18.3616,43.3858,43.24,2.66332
1,1023,18.3812,43.3525,43.24,2.66332
1,1024,18.391,43.4524,43.24,2.66332

