2.5,1,18.6164,40.7706,0.92,2.65143
2.5,2,18.6066,40.8381,0.92,2.65143
2.5,3,18.6066,40.8381,0.92,2.65143
2.5,4,18.5478,40.973,0.92,2.65143
2.5,5,18.5674,40.8381,0.92,2.65143
2.5,6,18.5674,40.9055,0.92,2.65143
2.5,7,18.5674,40.973,0.92,2.65143
2.5,8,18.5674,40.9392,0.92,2.65143
2.5,9,18.5576,40.8718,0.92,2.65143
2.5,10,18.5282,40.9055,0.92,2.65143
2.5,11,18.5184,40.8381,0.92,2.65143
2.5,12,18.5282,40.9055,0.92,2.66332
2.5,13,18.5282,40.9055,0.92,2.65143
2.5,14,18.5282,40.9055,0.92,2.65143
2.5,15,18.538,40.8381,0.92,2.65143
2.5,16,18.5184,40.8381,0.92,2.65143
2.5,17,18.5086,40.8381,0.92,2.65143
2.5,18,18.4988,40.8381,0.92,2.65143
2.5,19,18.4988,40.8718,0.92,2.65143
2.5,20,18.4792,40.8718,0.92,2.65143
2.5,21,18.4792,40.973,0.92,2.65143
2.5,22,18.489,41.0067,0.92,2.65143
2.5,23,18.4694,41.0404,0.92,2.65143
2.5,24,18.4792,41.0404,0.92,2.65143
2.5,25,18.4694,41.0404,0.92,2.65143
2.5,26,18.4694,41.0067,0.92,2.65143
2.5,27,18.4792,40.9392,0.92,2.65143
2.5,28,18.4792,41.0741,0.92,2.65143
2.5,29,18.4694,41.1414,0.92,2.65143
2.5,30,18.4694,41.0404,0.92,2.65143
2.5,31,18.4596,41.1078,0.92,2.65143
2.5,32,18.4596,41.1078,0.92,2.65143
2.5,33,18.4498,41.0741,0.92,2.65143
2.5,34,18.4596,41.0404,0.92,2.65143
2.5,35,18.4596,40.9392,0.92,2.65143
2.5,36,18.44,41.0404,0.92,2.65143
2.5,37,18.4302,41.0741,0.92,2.65143
2.5,38,18.44,41.0404,0.92,2.65143
2.5,39,18.44,41.0404,0.92,2.65143
2.5,40,18.4302,41.0404,0.92,2.65143
2.5,41,18.4106,41.0404,0.92,2.65143
2.5,42,18.4106,41.1078,0.92,2.65143
2.5,43,18.4204,41.0741,0.92,2.65143
2.5,44,18.4204,41.1078,0.92,2.65143
2.5,45,18.4008,41.1078,0.92,2.65143
2.5,46,18.4008,41.0404,0.92,2.65143
2.5,47,18.391,41.0404,0.92,2.65143
2.5,48,18.3812,41.0741,0.92,2.65143
2.5,49,18.391,41.0404,0.92,2.65143
2.5,50,18.3812,41.0404,0.92,2.65143
2.5,51,18.3812,41.1078,0.92,2.65143
2.5,52,18.3616,41.1414,0.92,2.65143
2.5,53,18.3714,41.1751,0.92,2.65143
2.5,54,18.3616,41.1078,0.92,2.65143
2.5,55,18.342,41.1751,0.92,2.65143
2.5,56,18.342,41.2425,0.92,2.65143
2.5,57,18.3518,41.2088,0.92,2.65143
2.5,58,18.342,41.1751,0.92,2.65143
2.5,59,18.3322,41.2425,0.92,2.66332
2.5,60,18.342,41.1751,0.92,2.65143
2.5,61,18.3322,41.2088,0.92,2.65143
2.5,62,18.342,41.2088,0.92,2.65143
2.5,63,18.3322,41.2425,0.92,2.65143
2.5,64,18.3224,41.1751,0.92,2.65143
2.5,65,18.3322,41.2425,0.92,2.65143
2.5,66,18.3224,41.1751,0.92,2.65143
2.5,67,18.3322,41.1078,0.92,2.65143
2.5,68,18.342,41.2088,0.92,2.65143
2.5,69,18.3224,41.1751,0.92,2.65143
2.5,70,18.3028,41.1414,0.92,2.65143
2.5,71,18.3224,41.1414,0.92,2.65143
2.5,72,18.3224,41.1751,0.92,2.65143
2.5,73,18.3126,41.1078,0.92,2.65143
2.5,74,18.3126,41.1078,0.92,2.65143
2.5,75,18.3028,41.1078,0.92,2.65143
2.5,76,18.3028,41.0404,0.92,2.65143
2.5,77,18.2832,41.1751,0.92,2.65143
2.5,78,18.2832,41.1751,0.92,2.65143
2.5,79,18.2636,41.2088,0.92,2.65143
2.5,80,18.244,41.3098,0.92,2.65143
2.5,81,18.2538,41.3098,0.92,2.65143
2.5,82,18.244,41.3098,0.92,2.65143
2.5,83,18.244,41.3098,0.92,2.65143
2.5,84,18.2538,41.3098,0.92,2.65143
2.5,85,18.244,41.3771,0.92,2.65143
2.5,86,18.244,41.3098,0.92,2.65143
2.5,87,18.244,41.3771,0.92,2.65143
2.5,88,18.244,41.3098,0.92,2.65143
2.5,89,18.244,41.3771,0.92,2.65143
2.5,90,18.2342,41.3771,0.92,2.65143
2.5,91,18.2342,41.3771,0.92,2.65143
2.5,92,18.2244,41.3098,0.92,2.65143
2.5,93,18.2244,41.3098,0.92,2.65143
2.5,94,18.2048,41.3771,0.92,2.65143
2.5,95,18.2048,41.3435,0.92,2.65143
2.5,96,18.2244,41.3435,0.92,2.65143
2.5,97,18.2048,41.3098,0.92,2.65143
2.5,98,18.2146,41.3098,0.92,2.65143
2.5,99,18.2146,41.3098,0.92,2.65143
2.5,100,18.2048,41.2761,0.92,2.65143
2.5,101,18.195,41.3435,0.92,2.65143
2.5,102,18.1852,41.3098,0.92,2.65143
2.5,103,18.1754,41.3098,0.92,2.65143
2.5,104,18.1852,41.2425,0.92,2.65143
2.5,105,18.1656,41.2761,0.92,2.65143
2.5,106,18.1656,41.3098,0.92,2.65143
2.5,107,18.1656,41.3771,0.92,2.65143
2.5,108,18.1656,41.3771,0.92,2.65143
2.5,109,18.1362,41.478,0.92,2.65143
2.5,110,18.1362,41.478,0.92,2.65143
2.5,111,18.146,41.5116,0.92,2.65143
2.5,112,18.1264,41.5116,0.92,2.65143
2.5,113,18.1264,41.5116,0.92,2.65143
2.5,114,18.1362,41.5116,0.92,2.65143
2.5,115,18.1264,41.5116,0.92,2.65143
2.5,116,18.1264,41.5116,0.92,2.65143
2.5,117,18.146,41.5116,0.92,2.65143
2.5,118,18.1558,41.5116,0.92,2.65143
2.5,119,18.1362,41.4444,0.92,2.65143
2.5,120,18.146,41.4444,0.92,2.65143
2.5,121,18.146,41.4444,0.92,2.65143
2.5,122,18.1362,41.478,0.92,2.65143
2.5,123,18.1362,41.4444,0.92,2.65143
2.5,124,18.1264,41.478,0.92,2.65143
2.5,125,18.1166,41.478,0.92,2.65143
2.5,126,18.1166,41.4444,0.92,2.65143
2.5,127,18.1166,41.4444,0.92,2.65143
2.5,128,18.1166,41.4444,0.92,2.65143
2.5,129,18.1068,41.4444,0.92,2.65143
2.5,130,18.1068,41.5116,0.92,2.65143
2.5,131,18.097,41.478,0.92,2.65143
2.5,132,18.0774,41.4444,0.92,2.65143
2.5,133,18.0676,41.5116,0.92,2.65143
2.5,134,18.048,41.5116,1.84,2.65143
2.5,135,18.0676,41.5116,1.84,2.65143
2.5,136,18.0676,41.5116,1.84,2.65143
2.5,137,18.0676,41.6461,1.84,2.65143
2.5,138,18.048,41.7133,1.84,2.65143
2.5,139,18.048,41.7133,1.84,2.65143
2.5,140,18.0578,41.6797,1.84,2.63964
2.5,141,18.048,41.6797,1.84,2.65143
2.5,142,18.0382,41.6461,1.84,2.65143
2.5,143,18.048,41.6797,1.84,2.65143
2.5,144,18.048,41.5116,1.84,2.63964
2.5,145,18.048,41.6461,1.84,2.63964
2.5,146,18.048,41.6461,1.84,2.65143
2.5,147,18.048,41.6125,1.84,2.65143
2.5,148,18.048,41.5789,1.84,2.65143
2.5,149,18.048,41.5789,1.84,2.65143
2.5,150,18.048,41.5789,1.84,2.65143
2.5,151,18.048,41.5789,1.84,2.65143
2.5,152,18.0578,41.5789,1.84,2.65143
2.5,153,18.0578,41.5789,1.84,2.65143
2.5,154,18.048,41.5116,1.84,2.65143
2.5,155,18.0382,41.5116,1.84,2.65143
2.5,156,18.0284,41.5116,1.84,2.65143
2.5,157,18.048,41.5789,1.84,2.65143
2.5,158,18.0382,41.5453,1.84,2.65143
2.5,159,18.0382,41.5116,1.84,2.65143
2.5,160,18.048,41.5116,1.84,2.65143
2.5,161,18.048,41.5789,1.84,2.65143
2.5,162,18.0578,41.5789,1.84,2.65143
2.5,163,18.0676,41.5453,1.84,2.65143
2.5,164,18.0578,41.6461,1.84,2.65143
2.5,165,18.0676,41.5789,1.84,2.65143
2.5,166,18.0676,41.5789,1.84,2.65143
2.5,167,18.0872,41.6461,1.84,2.65143
2.5,168,18.0872,41.5789,1.84,2.65143
2.5,169,18.0676,41.6461,1.84,2.65143
2.5,170,18.0676,41.6461,1.84,2.65143
2.5,171,18.0676,41.6125,0.92,2.65143
2.5,172,18.0676,41.5789,0.92,2.65143
2.5,173,18.0676,41.5789,0.92,2.63964
2.5,174,18.0676,41.6461,0.92,2.65143
2.5,175,18.0676,41.6461,0.92,2.65143
2.5,176,18.0578,41.5453,0.92,2.65143
2.5,177,18.048,41.5789,0.92,2.65143
2.5,178,18.0382,41.6125,0.92,2.65143
2.5,179,18.0186,41.6125,0.92,2.65143
2.5,180,18.0284,41.6125,0.92,2.65143
2.5,181,18.0088,41.6461,0.92,2.65143
2.5,182,17.9892,41.6125,0.92,2.65143
2.5,183,17.9892,41.6797,0.92,2.65143
2.5,184,18.0088,41.6461,0.92,2.65143
2.5,185,17.9892,41.6461,0.92,2.65143
2.5,186,17.999,41.6461,0.92,2.65143
2.5,187,17.9892,41.6461,0.92,2.65143
2.5,188,17.9892,41.5789,0.92,2.65143
2.5,189,17.9892,41.5789,0.92,2.65143
2.5,190,17.9696,41.6125,0.92,2.63964
2.5,191,17.95,41.6461,0.92,2.65143
2.5,192,17.9402,41.7133,0.92,2.65143
2.5,193,17.9402,41.7469,0.92,2.65143
2.5,194,17.95,41.7133,0.92,2.65143
2.5,195,17.9304,41.8476,0.92,2.65143
2.5,196,17.9402,41.7805,0.92,2.65143
2.5,197,17.9304,41.8476,0.92,2.63964
2.5,198,17.9206,41.7805,0.92,2.63964
2.5,199,17.9304,41.8476,0.92,2.65143
2.5,200,17.9108,41.8476,0.92,2.65143
2.5,201,17.9108,41.8476,0.92,2.65143
2.5,202,17.901,41.9147,0.92,2.63964
2.5,203,17.8912,41.8476,0.92,2.65143
2.5,204,17.8912,41.9818,0.92,2.63964
2.5,205,17.8814,41.8476,0.92,2.65143
2.5,206,17.8716,41.8812,0.92,2.65143
2.5,207,17.8716,41.8476,0.92,2.65143
2.5,208,17.852,41.9147,0.92,2.63964
2.5,209,17.852,41.9147,0.92,2.65143
2.5,210,17.852,41.9147,0.92,2.65143
2.5,211,17.8422,41.8476,0.92,2.65143
2.5,212,17.8422,41.9147,0.92,2.65143
2.5,213,17.8324,41.8812,0.92,2.63964
2.5,214,17.8226,41.8812,0.92,2.63964
2.5,215,17.8226,41.8476,0.92,2.65143
2.5,216,17.8226,41.8476,0.92,2.65143
2.5,217,17.803,41.8812,0.92,2.65143
2.5,218,17.803,41.9147,0.92,2.65143
2.5,219,17.7932,41.9147,0.92,2.65143
2.5,220,17.7932,41.9483,0.92,2.65143
2.5,221,17.7834,42.116,0.92,2.65143
2.5,222,17.7736,42.1495,0.92,2.65143
2.5,223,17.7736,41.9818,0.92,2.65143
2.5,224,17.7736,41.9818,0.92,2.65143
2.5,225,17.7736,42.0489,0.92,2.63964
2.5,226,17.7638,42.0489,0.92,2.65143
2.5,227,17.7638,42.0489,0.92,2.63964
2.5,228,17.7736,42.0489,0.92,2.65143
2.5,229,17.7736,42.0489,0.92,2.65143
2.5,230,17.754,42.0489,0.92,2.65143
2.5,231,17.754,42.0154,0.92,2.65143
2.5,232,17.7344,42.116,0.92,2.65143
2.5,233,17.7344,42.116,0.92,2.63964
2.5,234,17.7246,42.116,0.92,2.63964
2.5,235,17.7246,42.116,0.92,2.65143
2.5,236,17.7246,42.0489,0.92,2.65143
2.5,237,17.7344,42.0489,0.92,2.65143
2.5,238,17.7442,42.0489,0.92,2.65143
2.5,239,17.754,42.0489,0.92,2.65143
2.5,240,17.7442,41.9818,0.92,2.63964
2.5,241,17.7442,41.9818,0.92,2.63964
2.5,242,17.754,41.9483,0.92,2.65143
2.5,243,17.7638,41.9147,0.92,2.65143
2.5,244,17.7638,41.9147,0.92,2.63964
2.5,245,17.7736,41.9147,0.92,2.65143
2.5,246,17.7736,41.9147,0.92,2.65143
2.5,247,17.7736,41.9147,0.92,2.65143
2.5,248,17.7736,41.9147,0.92,2.65143
2.5,249,17.7736,41.9483,0.92,2.65143
2.5,250,17.7736,41.9818,0.92,2.65143
2.5,251,17.7638,42.0154,0.92,2.65143
2.5,252,17.754,42.0154,0.92,2.65143
2.5,253,17.754,42.0489,0.92,2.65143
2.5,254,17.7442,42.116,0.92,2.63964
2.5,255,17.7442,42.0824,0.92,2.65143
2.5,256,17.7344,42.0154,0.92,2.65143
2.5,257,17.7344,42.0824,0.92,2.65143
2.5,258,17.7344,41.9147,0.92,2.63964
2.5,259,17.7344,42.0154,0.92,2.65143
2.5,260,17.7148,42.0489,0.92,2.65143
2.5,261,17.6952,42.0154,0.92,2.65143
2.5,262,17.6854,42.0489,0.92,2.63964
2.5,263,17.6854,42.0489,0.92,2.63964
2.5,264,17.6756,41.9818,0.92,2.65143
2.5,265,17.6756,42.0154,0.92,2.65143
2.5,266,17.6756,42.0824,0.92,2.65143
2.5,267,17.6364,42.0824,0.92,2.65143
2.5,268,17.6364,42.0824,0.92,2.65143
2.5,269,17.6364,42.0489,0.92,2.65143
2.5,270,17.6168,42.0824,0.92,2.63964
2.5,271,17.6168,42.116,0.92,2.65143
2.5,272,17.5972,42.116,0.92,2.63964
2.5,273,17.607,42.116,0.92,2.65143
2.5,274,17.5972,42.25,0.92,2.63964
2.5,275,17.5874,42.25,0.92,2.63964
2.5,276,17.5874,42.183,0.92,2.65143
2.5,277,17.558,42.3505,0.92,2.63964
2.5,278,17.558,42.3505,0.92,2.65143
2.5,279,17.558,42.384,0.92,2.65143
2.5,280,17.558,42.384,0.92,2.63964
2.5,281,17.558,42.384,0.92,2.65143
2.5,282,17.5482,42.317,0.92,2.63964
2.5,283,17.558,42.317,0.92,2.65143
2.5,284,17.5678,42.25,0.92,2.63964
2.5,285,17.558,42.25,0.92,2.63964
2.5,286,17.5384,42.183,0.92,2.63964
2.5,287,17.5384,42.2835,0.92,2.65143
2.5,288,17.5286,42.25,0.92,2.63964
2.5,289,17.5188,42.25,0.92,2.65143
2.5,290,17.5286,42.2835,0.92,2.63964
2.5,291,17.5188,42.2165,0.92,2.63964
2.5,292,17.5188,42.25,0.92,2.65143
2.5,293,17.4992,42.2165,0.92,2.63964
2.5,294,17.509,42.2165,0.92,2.65143
2.5,295,17.4992,42.2835,0.92,2.63964
2.5,296,17.4894,42.317,0.92,2.63964
2.5,297,17.4992,42.25,0.92,2.63964
2.5,298,17.4894,42.317,0.92,2.63964
2.5,299,17.4992,42.384,0.92,2.63964
2.5,300,17.5188,42.384,0.92,2.63964
2.5,301,17.5384,42.3505,0.92,2.63964
2.5,302,17.5188,42.3505,0.92,2.63964
2.5,303,17.5286,42.384,0.92,2.65143
2.5,304,17.5188,42.4509,0.92,2.65143
2.5,305,17.5384,42.384,0.92,2.65143
2.5,306,17.5384,42.384,0.92,2.63964
2.5,307,17.5482,42.4174,0.92,2.63964
2.5,308,17.558,42.3505,0.92,2.65143
2.5,309,17.558,42.317,0.92,2.63964
2.5,310,17.558,42.183,0.92,2.63964
2.5,311,17.5678,42.25,0.92,2.65143
2.5,312,17.5776,42.25,0.92,2.65143
2.5,313,17.558,42.183,0.92,2.63964
2.5,314,17.5678,42.25,0.92,2.65143
2.5,315,17.5776,42.2165,0.92,2.65143
2.5,316,17.5776,42.1495,0.92,2.63964
2.5,317,17.5776,42.183,0.92,2.63964
2.5,318,17.5776,42.1495,0.92,2.63964
2.5,319,17.5678,42.116,0.92,2.63964
2.5,320,17.558,42.1495,0.92,2.65143
2.5,321,17.5482,42.183,0.92,2.63964
2.5,322,17.5482,42.183,0.92,2.63964
2.5,323,17.5384,42.183,0.92,2.63964
2.5,324,17.5384,42.1495,0.92,2.65143
2.5,325,17.5384,42.183,0.92,2.63964
2.5,326,17.5286,42.317,0.92,2.65143
2.5,327,17.5384,42.25,0.92,2.65143
2.5,328,17.5188,42.317,0.92,2.63964
2.5,329,17.5286,42.3505,0.92,2.62796
2.5,330,17.5188,42.3505,0.92,2.63964
2.5,331,17.5286,42.4174,0.92,2.63964
2.5,332,17.5188,42.384,0.92,2.63964
2.5,333,17.509,42.384,0.92,2.65143
2.5,334,17.509,42.4174,0.92,2.65143
2.5,335,17.4992,42.4509,0.92,2.63964
2.5,336,17.5188,42.4174,0.92,2.65143
2.5,337,17.4992,42.4509,0.92,2.65143
2.5,338,17.4992,42.4509,0.92,2.63964
2.5,339,17.4992,42.384,0.92,2.63964
2.5,340,17.4992,42.384,0.92,2.63964
2.5,341,17.4992,42.384,0.92,2.65143
2.5,342,17.4894,42.4174,0.92,2.63964
2.5,343,17.4992,42.4509,0.92,2.63964
2.5,344,17.4796,42.317,0.92,2.65143
2.5,345,17.4796,42.384,0.92,2.65143
2.5,346,17.4796,42.317,0.92,2.65143
2.5,347,17.4796,42.384,0.92,2.63964
2.5,348,17.46,42.4174,0.92,2.63964
2.5,349,17.46,42.384,0.92,2.63964
2.5,350,17.4698,42.317,0.92,2.65143
2.5,351,17.46,42.317,0.92,2.63964
2.5,352,17.46,42.4174,0.92,2.63964
2.5,353,17.4502,42.3505,0.92,2.62796
2.5,354,17.4404,42.384,0.92,2.63964
2.5,355,17.4404,42.4509,0.92,2.63964
2.5,356,17.4502,42.4509,0.92,2.63964
2.5,357,17.4502,42.5178,0.92,2.63964
2.5,358,17.46,42.4509,0.92,2.63964
2.5,359,17.4404,42.5178,0.92,2.63964
2.5,360,17.4502,42.5178,0.92,2.63964
2.5,361,17.4404,42.5847,0.92,2.63964
2.5,362,17.4404,42.5847,0.92,2.63964
2.5,363,17.4208,42.5847,0.92,2.65143
2.5,364,17.4208,42.6516,0.92,2.63964
2.5,365,17.4208,42.5847,0.92,2.63964
2.5,366,17.411,42.6516,0.92,2.63964
2.5,367,17.411,42.6182,0.92,2.65143
2.5,368,17.411,42.6182,0.92,2.65143
2.5,369,17.411,42.5847,0.92,2.63964
2.5,370,17.4306,42.5178,0.92,2.63964
2.5,371,17.4306,42.5178,0.92,2.65143
2.5,372,17.4306,42.5847,0.92,2.63964
2.5,373,17.4208,42.5847,0.92,2.63964
2.5,374,17.4208,42.5178,0.92,2.63964
2.5,375,17.4208,42.4509,0.92,2.63964
2.5,376,17.411,42.5178,0.92,2.63964
2.5,377,17.4208,42.5178,0.92,2.65143
2.5,378,17.4208,42.4509,0.92,2.65143
2.5,379,17.3914,42.5178,0.92,2.65143
2.5,380,17.3914,42.5178,0.92,2.63964
2.5,381,17.411,42.5178,0.92,2.65143
2.5,382,17.4012,42.5178,0.92,2.63964
2.5,383,17.3914,42.5847,0.92,2.63964
2.5,384,17.3914,42.5178,0.92,2.63964
2.5,385,17.3816,42.5178,1.38,2.63964
2.5,386,17.3914,42.5178,1.38,2.63964
2.5,387,17.3816,42.5513,1.38,2.63964
2.5,388,17.3816,42.6516,1.38,2.65143
2.5,389,17.362,42.7185,1.38,2.63964
2.5,390,17.3816,42.5847,1.38,2.63964
2.5,391,17.3816,42.5847,1.38,2.63964
2.5,392,17.3816,42.6516,1.38,2.63964
2.5,393,17.3914,42.6516,1.38,2.65143
2.5,394,17.3816,42.685,1.38,2.63964
2.5,395,17.3718,42.7519,1.38,2.63964
2.5,396,17.362,42.7185,1.38,2.63964
2.5,397,17.362,42.7519,1.38,2.63964
2.5,398,17.3522,42.685,1.84,2.65143
2.5,399,17.362,42.6516,1.84,2.63964
2.5,400,17.3718,42.6516,1.84,2.63964
2.5,401,17.3816,42.6182,1.84,2.63964
2.5,402,17.3914,42.5847,1.84,2.63964
2.5,403,17.4012,42.5847,1.84,2.63964
2.5,404,17.4208,42.5178,2.3,2.63964
2.5,405,17.411,42.5178,2.3,2.65143
2.5,406,17.4208,42.5178,2.3,2.65143
2.5,407,17.4208,42.4844,2.3,2.63964
2.5,408,17.4306,42.4844,2.3,2.63964
2.5,409,17.4306,42.4174,2.3,2.63964
2.5,410,17.4306,42.384,2.76,2.63964
2.5,411,17.4306,42.4174,2.76,2.63964
2.5,412,17.4404,42.4509,2.76,2.63964
2.5,413,17.4208,42.4844,3.22,2.65143
2.5,414,17.4012,42.4509,3.22,2.65143
2.5,415,17.411,42.4844,3.22,2.63964
2.5,416,17.411,42.5178,3.68,2.63964
2.5,417,17.4012,42.5847,3.68,2.63964
2.5,418,17.4012,42.5847,4.14,2.63964
2.5,419,17.4012,42.6516,4.14,2.62796
2.5,420,17.411,42.6182,4.6,2.62796
2.5,421,17.4208,42.6182,4.6,2.63964
2.5,422,17.411,42.6182,5.06,2.63964
2.5,423,17.4208,42.5847,5.06,2.63964
2.5,424,17.4208,42.5847,5.52,2.63964
2.5,425,17.4012,42.5847,5.52,2.63964
2.5,426,17.3914,42.5847,5.98,2.63964
2.5,427,17.4012,42.5847,6.44,2.63964
2.5,428,17.4012,42.5847,6.9,2.65143
2.5,429,17.3914,42.5847,6.9,2.63964
2.5,430,17.3816,42.6182,7.36,2.63964
2.5,431,17.3816,42.5513,7.36,2.63964
2.5,432,17.3816,42.4844,7.36,2.63964
2.5,433,17.3816,42.5178,8.28,2.63964
2.5,434,17.3816,42.5178,8.28,2.63964
2.5,435,17.3718,42.5178,8.28,2.63964
2.5,436,17.3816,42.5178,8.28,2.63964
2.5,437,17.3718,42.5178,8.28,2.63964
2.5,438,17.3816,42.5847,9.2,2.65143
2.5,439,17.3718,42.5178,9.2,2.63964
2.5,440,17.3522,42.5178,10.12,2.63964
2.5,441,17.3424,42.5178,10.12,2.63964
2.5,442,17.3424,42.5847,10.12,2.63964
2.5,443,17.362,42.5513,11.96,2.63964
2.5,444,17.3522,42.6516,11.96,2.63964
2.5,445,17.3522,42.7185,11.96,2.63964
2.5,446,17.3228,42.7519,12.88,2.63964
2.5,447,17.3228,42.7853,13.8,2.63964
2.5,448,17.3326,42.7853,13.8,2.65143
2.5,449,18.4596,40.5004,16.56,2.65143
2.5,450,19.273,38.6334,39.56,2.65143
2.5,451,19.861,37.3679,79.12,2.66332
2.5,452,19.9688,37.0933,79.12,2.67532
2.5,453,20.1648,36.6118,82.8,2.67532
2.5,454,20.253,36.4741,86.48,2.66332
2.5,455,20.3314,36.3362,86.48,2.67532
2.5,456,20.3608,36.2673,86.48,2.66332
2.5,457,20.5078,35.9567,90.16,2.66332
2.5,458,20.8018,35.7148,143.52,2.67532
2.5,459,20.8704,35.6456,195.04,2.67532
2.5,460,20.9194,35.6456,235.52,2.67532
2.5,461,20.9684,35.5764,250.24,2.67532
2.5,462,21.0272,35.5072,235.52,2.67532
2.5,463,21.0762,35.3687,202.4,2.67532
2.5,464,21.1056,35.438,172.96,2.66332
2.5,465,21.1448,35.2995,150.88,2.67532
2.5,466,21.233,35.1955,136.16,2.67532
2.5,467,21.2624,35.0915,136.16,2.67532
2.5,468,21.282,35.0222,136.16,2.67532
2.5,469,21.282,35.0222,136.16,2.67532
2.5,470,21.331,34.9528,136.16,2.67532
2.5,471,21.3506,34.9528,136.16,2.67532
2.5,472,21.38,34.8834,143.52,2.67532
2.5,473,21.4388,34.7792,143.52,2.67532
2.5,474,21.4682,34.7445,143.52,2.67532
2.5,475,21.4976,34.6055,143.52,2.67532
2.5,476,21.527,34.6055,150.88,2.67532
2.5,477,21.576,34.536,150.88,2.68742
2.5,478,21.6348,34.536,150.88,2.67532
2.5,479,21.6936,34.536,158.24,2.67532
2.5,480,21.7916,34.536,158.24,2.67532
2.5,481,21.7916,34.536,165.6,2.68742
2.5,482,21.8112,34.536,172.96,2.67532
2.5,483,21.8406,34.536,172.96,2.68742
2.5,484,21.8308,34.536,180.32,2.67532
2.5,485,21.8504,34.536,187.68,2.68742
2.5,486,21.8602,34.536,187.68,2.67532
2.5,487,21.919,34.3969,195.04,2.68742
2.5,488,21.9386,34.3273,202.4,2.68742
2.5,489,21.9484,34.2229,202.4,2.67532
2.5,490,21.9876,34.188,209.76,2.68742
2.5,491,21.9974,34.188,209.76,2.68742
2.5,492,22.0072,34.1184,209.76,2.68742
2.5,493,22.0758,34.0487,209.76,2.68742
2.5,494,22.066,33.979,209.76,2.68742
2.5,495,22.1052,33.9093,209.76,2.68742
2.5,496,22.1248,33.9442,209.76,2.68742
2.5,497,22.164,33.8396,217.12,2.68742
2.5,498,22.1444,33.7698,217.12,2.68742
2.5,499,22.1542,33.8047,224.48,2.68742
2.5,500,22.164,33.8396,235.52,2.68742
2.5,501,22.1738,33.8396,235.52,2.68742
2.5,502,22.2228,33.8396,250.24,2.68742
2.5,503,22.2424,33.8396,250.24,2.68742
2.5,504,22.262,33.9093,264.96,2.68742
2.5,505,22.3012,33.9093,264.96,2.68742
2.5,506,22.3306,33.979,279.68,2.68742
2.5,507,22.3404,33.979,279.68,2.68742
2.5,508,22.3502,33.979,279.68,2.68742
2.5,509,22.3306,33.9442,279.68,2.68742
2.5,510,22.3404,33.9093,279.68,2.68742
2.5,511,22.3502,33.9093,279.68,2.68742
2.5,512,22.3992,33.9093,279.68,2.68742
2.5,513,22.4384,33.7698,279.68,2.68742
2.5,514,22.4874,33.6302,294.4,2.67532
2.5,515,22.5168,33.5604,294.4,2.69964
2.5,516,22.556,33.4905,309.12,2.68742
2.5,517,22.5658,33.4206,309.12,2.68742
2.5,518,22.5952,33.3158,309.12,2.68742
2.5,519,22.6148,33.2808,323.84,2.68742
2.5,520,22.6246,33.2108,323.84,2.67532
2.5,521,22.654,33.2808,323.84,2.68742
2.5,522,22.6442,33.2108,323.84,2.68742
2.5,523,22.654,33.2108,323.84,2.68742
2.5,524,22.6932,33.1409,309.12,2.68742
2.5,525,22.7128,33.2108,309.12,2.68742
2.5,526,22.7422,33.2108,309.12,2.69964
2.5,527,22.7716,33.2458,309.12,2.68742
2.5,528,22.85,33.4206,309.12,2.68742
2.5,529,22.8794,33.3507,309.12,2.68742
2.5,530,22.9088,33.2808,309.12,2.68742
2.5,531,22.9284,33.2808,309.12,2.68742
2.5,532,22.9872,33.1059,309.12,2.69964
2.5,533,22.997,33.0709,309.12,2.69964
2.5,534,23.0264,33.0009,309.12,2.69964
2.5,535,23.046,32.8958,309.12,2.68742
2.5,536,23.0852,32.7557,309.12,2.69964
2.5,537,23.095,32.7206,323.84,2.68742
2.5,538,23.1048,32.7206,323.84,2.69964
2.5,539,23.095,32.7907,323.84,2.68742
2.5,540,23.1244,32.7206,323.84,2.69964
2.5,541,23.1342,32.6505,323.84,2.69964
2.5,542,23.1734,32.6154,323.84,2.68742
2.5,543,23.193,32.5803,323.84,2.68742
2.5,544,23.2028,32.5102,338.56,2.69964
2.5,545,23.2616,32.4751,338.56,2.69964
2.5,546,23.2812,32.44,338.56,2.69964
2.5,547,23.3204,32.3698,338.56,2.68742
2.5,548,23.34,32.2995,338.56,2.69964
2.5,549,23.3498,32.2995,338.56,2.69964
2.5,550,23.3694,32.3698,338.56,2.68742
2.5,551,23.3694,32.44,338.56,2.69964
2.5,552,23.3792,32.44,338.56,2.69964
2.5,553,23.3988,32.5102,338.56,2.69964
2.5,554,23.4184,32.5452,338.56,2.69964
2.5,555,23.4576,32.5102,338.56,2.69964
2.5,556,23.4968,32.5102,338.56,2.69964
2.5,557,23.536,32.44,338.56,2.68742
2.5,558,23.536,32.4049,338.56,2.69964
2.5,559,23.5948,32.3346,338.56,2.69964
2.5,560,23.5948,32.2644,338.56,2.69964
2.5,561,23.634,32.159,338.56,2.69964
2.5,562,23.634,32.1238,338.56,2.69964
2.5,563,23.6438,32.0887,338.56,2.69964
2.5,564,23.6536,32.0183,338.56,2.69964
2.5,565,23.7614,31.772,338.56,2.69964
2.5,566,23.8104,31.7368,338.56,2.69964
2.5,567,23.8496,31.6312,338.56,2.69964
2.5,568,23.8692,31.6664,338.56,2.69964
2.5,569,23.8888,31.5254,338.56,2.69964
2.5,570,23.8888,31.4902,338.56,2.69964
2.5,571,23.9084,31.4549,338.56,2.69964
2.5,572,23.9084,31.5254,338.56,2.69964
2.5,573,23.928,31.4549,338.56,2.69964
2.5,574,23.9476,31.4549,338.56,2.69964
2.5,575,23.977,31.3844,323.84,2.69964
2.5,576,23.9868,31.3491,338.56,2.69964
2.5,577,24.0064,31.3844,338.56,2.69964
2.5,578,24.0162,31.4197,323.84,2.69964
2.5,579,24.0358,31.4549,323.84,2.69964
2.5,580,24.0652,31.5254,323.84,2.69964
2.5,581,24.1044,31.5254,323.84,2.71196
2.5,582,24.1044,31.6664,323.84,2.71196
2.5,583,24.1436,31.5959,323.84,2.69964
2.5,584,24.1632,31.5959,323.84,2.69964
2.5,585,24.1926,31.5254,323.84,2.71196
2.5,586,24.2514,31.4197,323.84,2.69964
2.5,587,24.3102,31.2786,323.84,2.71196
2.5,588,24.32,31.2433,323.84,2.69964
2.5,589,24.3396,31.208,323.84,2.69964
2.5,590,24.3494,31.1727,323.84,2.69964
2.5,591,24.369,31.1727,323.84,2.71196
2.5,592,24.3984,31.1021,323.84,2.71196
2.5,593,24.4082,31.0667,323.84,2.69964
2.5,594,24.418,31.0314,323.84,2.71196
2.5,595,24.418,31.0314,323.84,2.71196
2.5,596,24.4376,31.0314,323.84,2.69964
2.5,597,24.4376,30.9961,323.84,2.69964
2.5,598,24.4376,30.9961,323.84,2.71196
2.5,599,24.4278,31.0314,323.84,2.71196
2.5,600,24.4082,31.0314,323.84,2.71196
2.5,601,24.3886,31.0314,323.84,2.69964
2.5,602,24.3396,31.1374,323.84,2.71196
2.5,603,24.3102,31.1727,323.84,2.71196
2.5,604,24.2416,31.208,323.84,2.71196
2.5,605,24.0456,31.5254,323.84,2.69964
2.5,606,23.8888,31.8776,323.84,2.69964
2.5,607,23.6732,32.159,323.84,2.69964
2.5,608,23.6144,32.2644,323.84,2.69964
2.5,609,23.6242,32.5102,323.84,2.69964
2.5,610,23.5066,32.44,323.84,2.69964
2.5,611,23.5458,32.6505,323.84,2.69964
2.5,612,23.7614,32.44,323.84,2.69964
2.5,613,23.8202,32.2995,323.84,2.69964
2.5,614,23.9966,31.948,338.56,2.69964
2.5,615,24.0456,31.8776,338.56,2.71196
2.5,616,24.2318,31.772,338.56,2.71196
2.5,617,24.32,31.6664,338.56,2.71196
2.5,618,24.3886,31.5607,338.56,2.71196
2.5,619,24.4474,31.5254,338.56,2.71196
2.5,620,24.418,31.4549,338.56,2.71196
2.5,621,24.4474,31.5254,338.56,2.69964
2.5,622,24.418,31.5254,338.56,2.69964
2.5,623,24.369,31.7016,338.56,2.69964
2.5,624,24.2808,31.8776,338.56,2.71196
2.5,625,24.222,31.8776,338.56,2.71196
2.5,626,24.2612,31.9128,353.28,2.71196
2.5,627,24.2024,31.948,353.28,2.71196
2.5,628,24.32,31.8072,353.28,2.71196
2.5,629,24.3886,31.7368,353.28,2.71196
2.5,630,24.5356,31.4197,353.28,2.69964
2.5,631,24.5944,31.3139,353.28,2.71196
2.5,632,24.6336,31.2433,368,2.69964
2.5,633,24.6826,31.2433,368,2.71196
2.5,634,24.712,31.1727,368,2.71196
2.5,635,24.7414,31.0314,368,2.71196
2.5,636,24.81,31.0314,368,2.71196
2.5,637,24.859,30.8547,368,2.71196
2.5,638,24.908,30.7133,368,2.71196
2.5,639,24.957,30.6071,368,2.71196
2.5,640,25.006,30.5363,368,2.71196
2.5,641,24.9962,30.5363,368,2.71196
2.5,642,25.006,30.5363,368,2.71196
2.5,643,25.0452,30.3238,368,2.7244
2.5,644,25.006,30.5009,368,2.7244
2.5,645,25.0354,30.3947,368,2.71196
2.5,646,24.9864,30.3947,368,2.7244
2.5,647,25.0158,30.5363,368,2.71196
2.5,648,25.0158,30.5363,368,2.71196
2.5,649,24.9962,30.5363,368,2.71196
2.5,650,25.055,30.5363,368,2.71196
2.5,651,25.1236,30.5363,368,2.7244
2.5,652,25.1236,30.5363,368,2.7244
2.5,653,25.1628,30.5009,368,2.71196
2.5,654,25.1334,30.3947,368,2.71196
2.5,655,25.1138,30.4655,368,2.7244
2.5,656,25.0942,30.3947,368,2.71196
2.5,657,25.0452,30.3238,368,2.7244
2.5,658,25.0158,30.4655,368,2.69964
2.5,659,25.0256,30.4655,368,2.71196
2.5,660,25.0648,30.3947,368,2.69964
2.5,661,25.153,30.3238,368,2.71196
2.5,662,25.1824,30.1111,368,2.7244
2.5,663,25.1922,30.1111,368,2.7244
2.5,664,25.1922,30.1465,368,2.71196
2.5,665,25.0942,30.3238,368,2.7244
2.5,666,25.104,30.2529,382.72,2.71196
2.5,667,25.1922,30.0756,368,2.7244
2.5,668,25.3196,29.8626,382.72,2.7244
2.5,669,25.2902,29.7205,382.72,2.7244
2.5,670,25.104,30.1465,382.72,2.71196
2.5,671,25.1726,30.0401,382.72,2.71196
2.5,672,25.104,30.2175,382.72,2.7244
2.5,673,25.202,30.2175,382.72,2.71196
2.5,674,25.1922,29.9691,382.72,2.71196
2.5,675,25.1922,30.0401,382.72,2.71196
2.5,676,25.3,29.8981,382.72,2.7244
2.5,677,25.4372,29.7561,382.72,2.7244
2.5,678,25.398,29.6139,382.72,2.7244
2.5,679,25.3196,29.8271,382.72,2.7244
2.5,680,25.3,29.8981,382.72,2.7244
2.5,681,25.1432,30.3947,382.72,2.71196
2.5,682,25.1824,30.2529,382.72,2.7244
2.5,683,25.3392,30.182,382.72,2.71196
2.5,684,25.398,30.0401,382.72,2.71196
2.5,685,25.5548,29.7561,397.44,2.71196
2.5,686,25.6332,29.6139,397.44,2.7244
2.5,687,25.692,29.4005,397.44,2.7244
2.5,688,25.7704,29.4717,397.44,2.7244
2.5,689,25.7508,29.3293,397.44,2.7244
2.5,690,25.496,29.685,397.44,2.7244
2.5,691,25.6038,29.5428,397.44,2.7244
2.5,692,25.7214,29.4717,397.44,2.71196
2.5,693,25.8194,29.3293,397.44,2.7244
2.5,694,25.6136,29.4005,412.16,2.7244
2.5,695,25.5842,29.5428,412.16,2.7244
2.5,696,25.7214,29.3649,412.16,2.7244
2.5,697,25.741,29.1869,412.16,2.73696
2.5,698,25.8194,29.1157,412.16,2.7244
2.5,699,25.8488,28.9018,412.16,2.7244
2.5,700,25.6234,29.4005,412.16,2.7244
2.5,701,25.4862,29.6495,412.16,2.71196
2.5,702,25.594,29.685,412.16,2.7244
2.5,703,25.741,29.4361,412.16,2.7244
2.5,704,25.7802,29.4717,412.16,2.7244
2.5,705,25.8194,29.4005,412.16,2.7244
2.5,706,25.8194,29.3293,412.16,2.7244
2.5,707,25.692,29.6139,412.16,2.7244
2.5,708,25.6038,29.7561,397.44,2.7244
2.5,709,25.6234,29.685,412.16,2.7244
2.5,710,25.4078,29.8271,412.16,2.7244
2.5,711,25.3392,30.0401,412.16,2.71196
2.5,712,25.0942,30.3238,426.88,2.7244
2.5,713,25.0256,30.3947,426.88,2.7244
2.5,714,24.8198,30.6779,426.88,2.7244
2.5,715,24.7218,30.9961,426.88,2.71196
2.5,716,24.7512,30.8901,426.88,2.7244
2.5,717,24.6924,30.9608,426.88,2.71196
2.5,718,24.6042,31.0314,426.88,2.71196
2.5,719,24.5846,31.0314,426.88,2.71196
2.5,720,24.5944,31.1021,426.88,2.71196
2.5,721,24.614,31.0667,426.88,2.71196
2.5,722,24.5944,31.1727,426.88,2.71196
2.5,723,24.5356,31.1727,426.88,2.71196
2.5,724,24.4376,31.3844,426.88,2.69964
2.5,725,24.4768,31.4197,426.88,2.69964
2.5,726,24.4964,31.1021,426.88,2.71196
2.5,727,24.3592,31.4549,426.88,2.71196
2.5,728,24.2612,31.5254,426.88,2.71196
2.5,729,24.222,31.6312,426.88,2.69964
2.5,730,24.2122,31.772,426.88,2.69964
2.5,731,24.173,31.8072,426.88,2.69964
2.5,732,24.32,31.4549,426.88,2.71196
2.5,733,24.3004,31.5254,426.88,2.69964
2.5,734,24.2416,31.5607,426.88,2.71196
2.5,735,24.271,31.6664,426.88,2.69964
2.5,736,24.2122,31.7368,426.88,2.71196
2.5,737,24.1534,31.8424,426.88,2.71196
2.5,738,24.1338,31.8776,426.88,2.71196
2.5,739,24.0946,32.0887,426.88,2.71196
2.5,740,24.1436,32.0887,426.88,2.69964
2.5,741,24.1828,31.948,426.88,2.69964
2.5,742,24.1632,32.0535,426.88,2.71196
2.5,743,24.1338,32.0183,426.88,2.69964
2.5,744,24.2612,31.8072,426.88,2.71196
2.5,745,24.1926,31.948,426.88,2.71196
2.5,746,24.026,32.0535,426.88,2.69964
2.5,747,24.0456,32.0183,426.88,2.69964
2.5,748,24.0652,31.948,426.88,2.71196
2.5,749,24.0162,31.948,426.88,2.71196
2.5,750,24.0064,31.9832,426.88,2.71196
2.5,751,23.9672,32.0887,426.88,2.71196
2.5,752,23.928,32.0887,426.88,2.69964
2.5,753,23.9476,32.0887,426.88,2.71196
2.5,754,23.9084,32.0887,426.88,2.71196
2.5,755,23.8888,32.0887,426.88,2.71196
2.5,756,23.8496,32.0887,426.88,2.69964
2.5,757,23.8692,32.0183,426.88,2.69964
2.5,758,23.7908,32.1941,426.88,2.71196
2.5,759,23.6438,32.2644,426.88,2.69964
2.5,760,23.6634,32.2293,426.88,2.69964
2.5,761,23.6536,32.2293,426.88,2.69964
2.5,762,23.7516,31.948,426.88,2.69964
2.5,763,23.7222,32.0887,412.16,2.69964
2.5,764,23.6536,32.3698,426.88,2.69964
2.5,765,23.7026,32.3698,426.88,2.69964
2.5,766,23.7418,32.2293,412.16,2.69964
2.5,767,23.7516,32.159,412.16,2.69964
2.5,768,23.8006,32.0887,397.44,2.69964
2.5,769,23.7418,31.9832,412.16,2.69964
2.5,770,23.6928,32.0535,412.16,2.69964
2.5,771,23.732,32.159,412.16,2.69964
2.5,772,23.6732,32.0887,412.16,2.69964
2.5,773,23.7418,32.0183,426.88,2.69964
2.5,774,23.8104,31.948,426.88,2.69964
2.5,775,23.8692,31.772,426.88,2.71196
2.5,776,23.8692,31.7368,426.88,2.69964
2.5,777,23.732,31.8072,426.88,2.71196
2.5,778,23.6928,31.772,426.88,2.69964
2.5,779,23.7712,31.5254,426.88,2.69964
2.5,780,23.7418,31.5959,426.88,2.69964
2.5,781,23.6536,31.7016,412.16,2.69964
2.5,782,23.5458,31.8776,426.88,2.69964
2.5,783,23.6144,31.8072,426.88,2.69964
2.5,784,23.6928,31.772,426.88,2.69964
2.5,785,23.7124,31.7368,426.88,2.69964
2.5,786,23.6732,31.5959,426.88,2.69964
2.5,787,23.6634,31.6664,426.88,2.69964
2.5,788,23.6732,31.8424,426.88,2.69964
2.5,789,23.732,31.6664,426.88,2.69964
2.5,790,23.6634,31.8424,412.16,2.69964
2.5,791,23.8006,31.6312,426.88,2.69964
2.5,792,23.879,31.4902,426.88,2.69964
2.5,793,23.928,31.3139,426.88,2.69964
2.5,794,23.8692,31.3844,426.88,2.69964
2.5,795,23.8692,31.3139,426.88,2.71196
2.5,796,23.7516,31.3491,426.88,2.69964
2.5,797,23.8594,31.1727,426.88,2.71196
2.5,798,23.732,31.3844,412.16,2.69964
2.5,799,23.6732,31.5607,426.88,2.69964
2.5,800,23.7516,31.3139,412.16,2.69964
2.5,801,23.6928,31.4549,426.88,2.69964
2.5,802,23.732,31.3139,412.16,2.69964
2.5,803,23.8006,31.208,426.88,2.69964
2.5,804,23.8398,31.0314,426.88,2.69964
2.5,805,23.8496,31.1021,426.88,2.69964
2.5,806,23.9084,30.9608,426.88,2.69964
2.5,807,23.9084,30.9254,426.88,2.71196
2.5,808,23.8888,30.9608,426.88,2.69964
2.5,809,23.9182,30.8547,426.88,2.69964
2.5,810,23.928,30.6779,412.16,2.71196
2.5,811,23.928,30.6071,412.16,2.69964
2.5,812,23.9182,30.7486,412.16,2.69964
2.5,813,23.8398,30.6779,412.16,2.69964
2.5,814,23.8104,30.7486,412.16,2.69964
2.5,815,23.8202,30.5363,412.16,2.71196
2.5,816,23.8398,30.6071,412.16,2.69964
2.5,817,23.9084,30.5363,412.16,2.71196
2.5,818,23.8398,30.5717,412.16,2.69964
2.5,819,23.8888,30.5363,412.16,2.69964
2.5,820,23.8692,30.3238,412.16,2.69964
2.5,821,23.8888,30.4301,412.16,2.69964
2.5,822,23.9672,30.4301,412.16,2.69964
2.5,823,23.9574,30.5363,412.16,2.71196
2.5,824,23.8986,30.5363,412.16,2.69964
2.5,825,23.9378,30.6071,412.16,2.71196
2.5,826,23.928,30.6071,412.16,2.69964
2.5,827,24.0064,30.4655,412.16,2.71196
2.5,828,24.026,30.5363,412.16,2.71196
2.5,829,24.026,30.3947,412.16,2.71196
2.5,830,24.026,30.3947,412.16,2.69964
2.5,831,24.0652,30.3238,412.16,2.71196
2.5,832,24.075,30.2529,412.16,2.71196
2.5,833,24.0652,30.2175,412.16,2.69964
2.5,834,24.0358,30.2529,412.16,2.69964
2.5,835,24.0064,30.3238,412.16,2.69964
2.5,836,24.1044,30.182,412.16,2.71196
2.5,837,24.0848,30.1111,412.16,2.71196
2.5,838,24.1142,30.0756,412.16,2.71196
2.5,839,24.1436,30.0046,412.16,2.71196
2.5,840,24.1142,29.9691,412.16,2.71196
2.5,841,24.0946,30.1111,412.16,2.69964
2.5,842,24.0358,30.0756,412.16,2.69964
2.5,843,24.0652,30.0401,412.16,2.69964
2.5,844,24.0652,30.0046,412.16,2.69964
2.5,845,24.1632,29.8271,412.16,2.71196
2.5,846,24.124,29.8981,397.44,2.71196
2.5,847,24.1436,29.7561,397.44,2.71196
2.5,848,24.1044,29.7561,397.44,2.69964
2.5,849,24.1436,29.7916,397.44,2.69964
2.5,850,24.1436,29.7916,397.44,2.69964
2.5,851,24.0358,29.8271,397.44,2.69964
2.5,852,24.0456,30.0401,397.44,2.69964
2.5,853,24.2024,29.7561,397.44,2.69964
2.5,854,24.2318,29.6139,397.44,2.69964
2.5,855,24.124,29.6139,397.44,2.69964
2.5,856,24.0358,29.7561,397.44,2.71196
2.5,857,24.0652,29.8271,397.44,2.69964
2.5,858,24.1044,29.8626,397.44,2.71196
2.5,859,24.1044,29.8981,397.44,2.69964
2.5,860,24.1338,29.8626,397.44,2.69964
2.5,861,24.173,29.8271,397.44,2.69964
2.5,862,24.2906,29.5428,397.44,2.71196
2.5,863,24.418,29.2581,397.44,2.71196
2.5,864,24.2416,29.4005,397.44,2.71196
2.5,865,24.2808,29.3293,397.44,2.69964
2.5,866,24.3004,29.4361,397.44,2.71196
2.5,867,24.32,29.2581,397.44,2.71196
2.5,868,24.3396,29.2225,397.44,2.7244
2.5,869,24.3592,29.1513,382.72,2.69964
2.5,870,24.3592,29.0444,382.72,2.71196
2.5,871,24.3396,29.0444,382.72,2.69964
2.5,872,24.3494,29.08,382.72,2.69964
2.5,873,24.3592,29.0444,382.72,2.69964
2.5,874,24.3102,29.08,382.72,2.69964
2.5,875,24.2808,29.1157,382.72,2.71196
2.5,876,24.3004,29.0444,382.72,2.71196
2.5,877,24.32,29.1157,382.72,2.71196
2.5,878,24.2808,29.1157,382.72,2.69964
2.5,879,24.32,29.0444,382.72,2.71196
2.5,880,24.3396,28.9731,382.72,2.71196
2.5,881,24.3396,29.0444,382.72,2.69964
2.5,882,24.2612,29.0088,382.72,2.71196
2.5,883,24.1926,29.08,382.72,2.71196
2.5,884,24.2612,29.0444,382.72,2.69964
2.5,885,24.2024,29.08,382.72,2.69964
2.5,886,24.2122,29.0444,382.72,2.69964
2.5,887,24.271,29.0444,382.72,2.69964
2.5,888,24.3102,28.9375,382.72,2.69964
2.5,889,24.2122,29.0444,368,2.71196
2.5,890,24.2416,29.0444,382.72,2.69964
2.5,891,24.3788,28.8305,382.72,2.71196
2.5,892,24.32,28.8661,382.72,2.71196
2.5,893,24.3396,29.0444,382.72,2.71196
2.5,894,24.3592,29.1513,382.72,2.71196
2.5,895,24.3788,29.1869,382.72,2.71196
2.5,896,24.4376,29.0444,382.72,2.71196
2.5,897,24.3984,29.1157,368,2.71196
2.5,898,24.4278,28.9731,368,2.71196
2.5,899,24.3102,28.9731,368,2.71196
2.5,900,24.32,29.1157,368,2.69964
2.5,901,24.369,29.0444,368,2.71196
2.5,902,24.3886,28.9018,368,2.71196
2.5,903,24.3592,28.9018,368,2.71196
2.5,904,24.3396,29.0088,368,2.71196
2.5,905,24.4082,28.8661,353.28,2.71196
2.5,906,24.3102,28.9731,368,2.71196
2.5,907,24.32,28.9731,368,2.71196
2.5,908,24.4082,28.9375,368,2.71196
2.5,909,24.4082,28.8305,368,2.69964
2.5,910,24.4768,28.6877,368,2.71196
2.5,911,24.614,28.5449,368,2.71196
2.5,912,24.565,28.4735,353.28,2.71196
2.5,913,24.5258,28.5449,353.28,2.71196
2.5,914,24.467,28.652,353.28,2.71196
2.5,915,24.3788,28.7234,353.28,2.71196
2.5,916,24.3396,28.6877,353.28,2.71196
2.5,917,24.4474,28.6163,353.28,2.71196
2.5,918,24.4376,28.6163,353.28,2.71196
2.5,919,24.3788,28.5806,353.28,2.71196
2.5,920,24.4082,28.6877,353.28,2.69964
2.5,921,24.3494,28.6877,353.28,2.71196
2.5,922,24.4278,28.6877,353.28,2.69964
2.5,923,24.4572,28.5806,353.28,2.71196
2.5,924,24.4768,28.6877,353.28,2.71196
2.5,925,24.5062,28.6877,353.28,2.71196
2.5,926,24.4376,28.7591,353.28,2.7244
2.5,927,24.418,28.8305,353.28,2.71196
2.5,928,24.3886,28.7591,353.28,2.71196
2.5,929,24.418,28.8305,353.28,2.71196
2.5,930,24.4474,28.8305,353.28,2.71196
2.5,931,24.418,28.7948,338.56,2.71196
2.5,932,24.4376,28.8305,338.56,2.71196
2.5,933,24.418,28.7948,338.56,2.71196
2.5,934,24.4376,28.7591,338.56,2.71196
2.5,935,24.4376,28.6163,338.56,2.71196
2.5,936,24.4278,28.6877,338.56,2.71196
2.5,937,24.467,28.6163,338.56,2.71196
2.5,938,24.3984,28.6877,338.56,2.71196
2.5,939,24.3886,28.652,338.56,2.71196
2.5,940,24.4082,28.6877,323.84,2.69964
2.5,941,24.4278,28.5449,338.56,2.71196
2.5,942,24.3984,28.652,309.12,2.71196
2.5,943,24.369,28.4735,323.84,2.71196
2.5,944,24.2122,28.7591,323.84,2.71196
2.5,945,24.3592,28.5449,323.84,2.69964
2.5,946,24.4278,28.402,323.84,2.71196
2.5,947,24.4376,28.402,309.12,2.69964
2.5,948,24.4376,28.402,309.12,2.71196
2.5,949,24.2612,28.402,309.12,2.71196
2.5,950,24.2024,28.5806,338.56,2.71196
2.5,951,24.1632,28.6877,309.12,2.71196
2.5,952,24.1926,28.652,309.12,2.69964
2.5,953,24.2024,28.5449,309.12,2.71196
2.5,954,24.32,28.402,309.12,2.71196
2.5,955,24.4082,28.3305,323.84,2.69964
2.5,956,24.418,28.259,309.12,2.69964
2.5,957,24.4376,28.2232,309.12,2.71196
2.5,958,24.4768,28.0443,309.12,2.71196
2.5,959,24.4768,28.1159,309.12,2.71196
2.5,960,24.4082,28.1875,309.12,2.71196
2.5,961,24.4572,28.1875,309.12,2.7244
2.5,962,24.4376,28.2232,309.12,2.71196
2.5,963,24.3984,28.3305,309.12,2.71196
2.5,964,24.4082,28.3663,309.12,2.71196
2.5,965,24.4572,28.402,309.12,2.7244
2.5,966,24.4768,28.2948,309.12,2.71196
2.5,967,24.5258,28.259,309.12,2.71196
2.5,968,24.516,28.259,294.4,2.71196
2.5,969,24.5062,28.259,309.12,2.71196
2.5,970,24.5552,28.1517,309.12,2.71196
2.5,971,24.5454,28.2232,309.12,2.71196
2.5,972,24.5062,28.2232,309.12,2.71196
2.5,973,24.4376,28.1875,294.4,2.69964
2.5,974,24.3886,28.3305,309.12,2.71196
2.5,975,24.3494,28.3305,294.4,2.71196
2.5,976,24.2514,28.402,294.4,2.71196
2.5,977,24.271,28.3305,294.4,2.71196
2.5,978,24.32,28.3305,294.4,2.69964
2.5,979,24.3396,28.2948,294.4,2.71196
2.5,980,24.3298,28.259,294.4,2.71196
2.5,981,24.3788,28.1517,294.4,2.71196
2.5,982,24.3788,28.1159,279.68,2.7244
2.5,983,24.3396,28.1159,294.4,2.69964
2.5,984,24.3592,28.1517,294.4,2.71196
2.5,985,24.4376,27.9011,294.4,2.69964
2.5,986,24.4572,27.8294,294.4,2.71196
2.5,987,24.4964,27.7936,294.4,2.71196
2.5,988,24.5062,27.7578,294.4,2.71196
2.5,989,24.467,27.7219,294.4,2.71196
2.5,990,24.4278,27.6861,294.4,2.71196
2.5,991,24.369,27.8294,294.4,2.69964
2.5,992,24.3592,27.7578,294.4,2.71196
2.5,993,24.369,27.8294,294.4,2.71196
2.5,994,24.3004,27.7578,294.4,2.71196
2.5,995,24.222,27.9011,294.4,2.71196
2.5,996,24.2612,27.9727,279.68,2.71196
2.5,997,24.222,28.0443,279.68,2.71196
2.5,998,24.2122,28.1875,279.68,2.71196
2.5,999,24.173,28.1875,279.68,2.71196
2.5,1000,24.2122,28.3305,279.68,2.69964
2.5,1001,24.2122,28.3305,279.68,2.69964
2.5,1002,24.2122,28.3305,279.68,2.71196
2.5,1003,24.1828,28.3305,279.68,2.71196
2.5,1004,24.2024,28.3305,279.68,2.71196
2.5,1005,24.3004,28.1517,279.68,2.69964
2.5,1006,24.3396,28.1159,279.68,2.69964
2.5,1007,24.3396,28.0443,279.68,2.71196
2.5,1008,24.32,28.0443,279.68,2.71196
2.5,1009,24.3984,27.9011,279.68,2.69964
2.5,1010,24.4376,27.8294,279.68,2.69964
2.5,1011,24.418,27.7578,279.68,2.71196
2.5,1012,24.3984,27.8294,279.68,2.71196
2.5,1013,24.5062,27.6861,264.96,2.71196
2.5,1014,24.516,27.6144,264.96,2.71196
2.5,1015,24.5454,27.5426,264.96,2.71196
2.5,1016,24.5062,27.6144,264.96,2.71196
2.5,1017,24.4964,27.6861,264.96,2.71196
2.5,1018,24.467,27.5785,264.96,2.71196
2.5,1019,24.5356,27.5785,264.96,2.71196
2.5,1020,24.4964,27.4709,264.96,2.69964
2.5,1021,24.5356,27.5068,264.96,2.71196
2.5,1022,24.5552,27.3991,264.96,2.71196
2.5,1023,24.5748,27.5068,264.96,2.71196
2.5,1024,24.5748,27.3991,264.96,2.71196
