1.5,1,18.3812,43.4524,43.24,2.65143
1.5,2,18.3714,43.519,43.24,2.66332
1.5,3,18.3714,43.519,43.24,2.66332
1.5,4,18.3616,43.3858,43.24,2.65143
1.5,5,18.3714,43.5855,43.24,2.66332
1.5,6,18.3812,43.5522,43.24,2.66332
1.5,7,18.3812,43.5522,43.24,2.65143
1.5,8,18.3714,43.6521,43.24,2.66332
1.5,9,18.3714,43.5855,43.24,2.66332
1.5,10,18.3616,43.5855,43.24,2.66332
1.5,11,18.3616,43.5855,43.24,2.65143
1.5,12,18.3616,43.6188,43.24,2.65143
1.5,13,18.3616,43.5855,43.24,2.66332
1.5,14,18.3616,43.6188,43.24,2.65143
1.5,15,18.3616,43.5855,43.24,2.67532
1.5,16,18.3616,43.5855,43.24,2.65143
1.5,17,18.342,43.6521,43.24,2.65143
1.5,18,18.3616,43.519,43.24,2.65143
1.5,19,18.3616,43.5855,43.24,2.66332
1.5,20,18.3616,43.519,43.24,2.65143
1.5,21,18.3616,43.5855,43.24,2.65143
1.5,22,18.342,43.5855,43.24,2.65143
1.5,23,18.3322,43.6188,43.24,2.66332
1.5,24,18.3322,43.5855,43.24,2.65143
1.5,25,18.342,43.5522,43.24,2.66332
1.5,26,18.3224,43.6188,43.24,2.65143
1.5,27,18.3322,43.6853,43.24,2.65143
1.5,28,18.3322,43.6188,43.24,2.65143
1.5,29,18.3224,43.6521,43.24,2.65143
1.5,30,18.3126,43.7186,43.24,2.65143
1.5,31,18.3028,43.7851,43.24,2.65143
1.5,32,18.3028,43.8183,43.24,2.66332
1.5,33,18.3028,43.8515,43.24,2.65143
1.5,34,18.3126,43.8515,43.24,2.65143
1.5,35,18.3224,43.8515,43.24,2.65143
1.5,36,18.3126,43.8848,43.24,2.65143
1.5,37,18.3028,43.918,43.24,2.65143
1.5,38,18.3126,43.918,43.24,2.65143
1.5,39,18.2832,43.8515,43.24,2.65143
1.5,40,18.3028,43.8515,43.24,2.67532
1.5,41,18.293,43.918,43.24,2.66332
1.5,42,18.2832,43.7186,43.24,2.66332
1.5,43,18.2832,43.7851,43.24,2.65143
1.5,44,18.3126,43.7186,43.24,2.65143
1.5,45,18.2832,43.7186,43.24,2.65143
1.5,46,18.3126,43.8183,43.24,2.66332
1.5,47,18.3028,43.8515,43.24,2.66332
1.5,48,18.2734,43.8515,43.24,2.66332
1.5,49,18.2734,43.8515,43.24,2.65143
1.5,50,18.2734,43.918,43.24,2.65143
1.5,51,18.2636,43.9844,43.24,2.65143
1.5,52,18.2538,43.9844,43.24,2.67532
1.5,53,18.2636,43.9844,43.24,2.66332
1.5,54,18.2636,44.084,43.24,2.66332
1.5,55,18.2636,43.9844,43.24,2.66332
1.5,56,18.2538,44.0508,43.24,2.65143
1.5,57,18.244,44.1504,43.24,2.65143
1.5,58,18.244,44.1172,43.24,2.65143
1.5,59,18.244,44.1504,43.24,2.65143
1.5,60,18.2538,44.1172,43.24,2.66332
1.5,61,18.2636,44.1504,43.24,2.65143
1.5,62,18.2244,44.1836,43.24,2.65143
1.5,63,18.2244,44.084,43.24,2.66332
1.5,64,18.244,44.084,43.24,2.65143
1.5,65,18.2342,44.1172,43.24,2.65143
1.5,66,18.2146,44.084,43.24,2.65143
1.5,67,18.2146,44.1172,43.24,2.65143
1.5,68,18.2048,44.084,43.24,2.65143
1.5,69,18.2048,44.084,43.24,2.65143
1.5,70,18.2048,44.2168,43.24,2.66332
1.5,71,18.2048,44.1504,43.24,2.66332
1.5,72,18.2048,44.3162,43.24,2.65143
1.5,73,18.2048,44.3825,43.24,2.65143
1.5,74,18.2146,44.3825,43.24,2.65143
1.5,75,18.2146,44.3825,43.24,2.65143
1.5,76,18.2146,44.3494,43.24,2.65143
1.5,77,18.2048,44.3825,43.24,2.65143
1.5,78,18.195,44.3162,43.24,2.65143
1.5,79,18.195,44.3162,43.24,2.66332
1.5,80,18.1852,44.3825,43.24,2.65143
1.5,81,18.1656,44.4157,43.24,2.66332
1.5,82,18.1656,44.3825,43.24,2.65143
1.5,83,18.1558,44.3494,43.24,2.65143
1.5,84,18.1656,44.3825,43.24,2.65143
1.5,85,18.1558,44.2499,43.24,2.65143
1.5,86,18.1656,44.2831,43.24,2.65143
1.5,87,18.1558,44.3162,43.24,2.65143
1.5,88,18.146,44.3825,43.24,2.65143
1.5,89,18.1264,44.4488,43.24,2.65143
1.5,90,18.1362,44.4157,43.24,2.65143
1.5,91,18.1264,44.5151,43.24,2.65143
1.5,92,18.1362,44.4157,43.24,2.65143
1.5,93,18.1264,44.4819,43.24,2.65143
1.5,94,18.1558,44.5151,43.24,2.65143
1.5,95,18.146,44.5813,43.24,2.66332
1.5,96,18.146,44.6475,43.24,2.65143
1.5,97,18.1362,44.5813,43.24,2.65143
1.5,98,18.146,44.5151,43.24,2.65143
1.5,99,18.1264,44.5813,43.24,2.65143
1.5,100,18.1362,44.5151,43.24,2.65143
1.5,101,18.1264,44.5151,43.24,2.65143
1.5,102,18.1264,44.5151,43.24,2.65143
1.5,103,18.1264,44.4488,43.24,2.65143
1.5,104,18.1068,44.4819,43.24,2.65143
1.5,105,18.0774,44.4488,43.24,2.65143
1.5,106,18.0872,44.5151,43.24,2.65143
1.5,107,18.0872,44.4488,43.24,2.65143
1.5,108,18.0676,44.5813,43.24,2.65143
1.5,109,18.0676,44.5813,43.24,2.65143
1.5,110,18.0676,44.5813,43.24,2.65143
1.5,111,18.0578,44.5813,43.24,2.66332
1.5,112,18.048,44.7137,43.24,2.65143
1.5,113,18.048,44.7798,43.24,2.65143
1.5,114,18.048,44.7137,43.24,2.65143
1.5,115,18.0676,44.7137,43.24,2.65143
1.5,116,18.0774,44.7137,43.24,2.65143
1.5,117,18.0676,44.6475,43.24,2.65143
1.5,118,18.048,44.6806,43.24,2.65143
1.5,119,18.0578,44.6475,43.24,2.65143
1.5,120,18.0676,44.5813,43.24,2.65143
1.5,121,18.0676,44.4819,43.24,2.65143
1.5,122,18.048,44.4819,43.24,2.65143
1.5,123,18.0676,44.4488,43.24,2.65143
1.5,124,18.0578,44.5482,45.08,2.65143
1.5,125,18.0382,44.5482,45.08,2.65143
1.5,126,18.0382,44.5813,45.08,2.65143
1.5,127,18.0284,44.5482,45.08,2.65143
1.5,128,18.0284,44.5813,45.08,2.65143
1.5,129,18.0284,44.6144,43.24,2.65143
1.5,130,18.0186,44.6144,45.08,2.65143
1.5,131,18.0284,44.5151,43.24,2.65143
1.5,132,18.0186,44.6475,45.08,2.66332
1.5,133,18.0284,44.7137,43.24,2.65143
1.5,134,18.0088,44.7137,43.24,2.65143
1.5,135,18.0088,44.7798,43.24,2.65143
1.5,136,18.0088,44.7137,43.24,2.65143
1.5,137,18.0088,44.7137,43.24,2.65143
1.5,138,18.0088,44.7137,43.24,2.65143
1.5,139,18.0186,44.6806,43.24,2.66332
1.5,140,18.0186,44.6475,43.24,2.65143
1.5,141,18.0088,44.6475,43.24,2.65143
1.5,142,17.9892,44.6806,43.24,2.65143
1.5,143,17.999,44.6475,43.24,2.65143
1.5,144,17.999,44.6475,43.24,2.65143
1.5,145,18.0088,44.6144,43.24,2.65143
1.5,146,17.9892,44.6144,43.24,2.65143
1.5,147,17.999,44.6144,43.24,2.65143
1.5,148,17.9892,44.5813,43.24,2.65143
1.5,149,17.9892,44.5813,43.24,2.65143
1.5,150,17.9892,44.4488,43.24,2.65143
1.5,151,17.9794,44.5151,43.24,2.65143
1.5,152,17.9892,44.5813,43.24,2.65143
1.5,153,17.9794,44.5482,43.24,2.65143
1.5,154,17.9794,44.6475,43.24,2.65143
1.5,155,17.9696,44.6806,43.24,2.65143
1.5,156,17.9598,44.7798,43.24,2.65143
1.5,157,17.9696,44.7467,43.24,2.65143
1.5,158,17.9696,44.7137,43.24,2.65143
1.5,159,17.999,44.7467,43.24,2.65143
1.5,160,17.9892,44.6806,43.24,2.65143
1.5,161,17.9794,44.6806,43.24,2.65143
1.5,162,17.9794,44.6806,43.24,2.65143
1.5,163,17.9892,44.6475,43.24,2.65143
1.5,164,17.9794,44.6475,43.24,2.65143
1.5,165,17.95,44.6475,43.24,2.65143
1.5,166,17.9598,44.5813,43.24,2.65143
1.5,167,17.9696,44.5813,43.24,2.65143
1.5,168,17.9696,44.5813,43.24,2.65143
1.5,169,17.9794,44.5151,43.24,2.65143
1.5,170,17.9598,44.5813,43.24,2.65143
1.5,171,17.9598,44.5482,43.24,2.65143
1.5,172,17.95,44.5813,43.24,2.65143
1.5,173,17.9598,44.5813,43.24,2.65143
1.5,174,17.95,44.5482,43.24,2.65143
1.5,175,17.95,44.7137,43.24,2.65143
1.5,176,17.9598,44.7467,43.24,2.65143
1.5,177,17.9598,44.7798,43.24,2.65143
1.5,178,17.9206,44.7798,43.24,2.66332
1.5,179,17.9304,44.846,43.24,2.65143
1.5,180,17.9108,44.846,43.24,2.65143
1.5,181,17.9206,44.846,43.24,2.65143
1.5,182,17.9304,44.7798,43.24,2.65143
1.5,183,17.9206,44.7798,43.24,2.65143
1.5,184,17.9304,44.7137,43.24,2.66332
1.5,185,17.95,44.6475,43.24,2.65143
1.5,186,17.9402,44.6806,43.24,2.65143
1.5,187,17.9402,44.6806,43.24,2.65143
1.5,188,17.9304,44.7137,43.24,2.65143
1.5,189,17.9304,44.7137,43.24,2.65143
1.5,190,17.95,44.6806,43.24,2.65143
1.5,191,17.9402,44.6144,43.24,2.65143
1.5,192,17.95,44.6475,43.24,2.65143
1.5,193,17.95,44.6144,43.24,2.65143
1.5,194,17.9696,44.5813,43.24,2.65143
1.5,195,17.9598,44.5813,43.24,2.65143
1.5,196,17.9794,44.6144,43.24,2.65143
1.5,197,17.9696,44.6806,43.24,2.65143
1.5,198,17.9794,44.6806,43.24,2.65143
1.5,199,17.9794,44.7137,43.24,2.65143
1.5,200,17.9892,44.6806,43.24,2.65143
1.5,201,17.9892,44.7137,43.24,2.65143
1.5,202,17.9696,44.7137,43.24,2.65143
1.5,203,17.9892,44.6806,43.24,2.65143
1.5,204,17.9794,44.7137,43.24,2.65143
1.5,205,17.9696,44.7137,43.24,2.65143
1.5,206,17.9696,44.7137,43.24,2.65143
1.5,207,17.9696,44.7467,43.24,2.65143
1.5,208,17.9892,44.6806,43.24,2.65143
1.5,209,17.9696,44.6806,43.24,2.65143
1.5,210,17.9794,44.6806,43.24,2.65143
1.5,211,17.9696,44.7137,43.24,2.65143
1.5,212,17.9696,44.6806,43.24,2.65143
1.5,213,17.95,44.7137,43.24,2.65143
1.5,214,17.95,44.6475,43.24,2.65143
1.5,215,17.9696,44.6806,43.24,2.65143
1.5,216,17.95,44.6144,43.24,2.65143
1.5,217,17.95,44.6144,43.24,2.65143
1.5,218,17.9304,44.6475,43.24,2.65143
1.5,219,17.9304,44.6475,43.24,2.65143
1.5,220,17.9108,44.6806,43.24,2.65143
1.5,221,17.9206,44.6475,43.24,2.65143
1.5,222,17.9108,44.7467,43.24,2.65143
1.5,223,17.9108,44.7798,43.24,2.65143
1.5,224,17.901,44.8129,43.24,2.65143
1.5,225,17.9108,44.846,43.24,2.65143
1.5,226,17.8912,44.879,43.24,2.65143
1.5,227,17.9108,44.879,43.24,2.65143
1.5,228,17.9108,44.879,43.24,2.65143
1.5,229,17.9108,44.9451,43.24,2.65143
1.5,230,17.901,44.9451,43.24,2.65143
1.5,231,17.8912,44.9121,43.24,2.65143
1.5,232,17.901,44.846,43.24,2.65143
1.5,233,17.8716,44.846,43.24,2.65143
1.5,234,17.852,44.8129,43.24,2.65143
1.5,235,17.8618,44.7798,43.24,2.65143
1.5,236,17.852,44.846,43.24,2.65143
1.5,237,17.852,44.8129,43.24,2.65143
1.5,238,17.8422,44.7798,43.24,2.65143
1.5,239,17.8422,44.7467,43.24,2.65143
1.5,240,17.8324,44.9121,43.24,2.65143
1.5,241,17.8226,44.9782,43.24,2.65143
1.5,242,17.8324,44.9451,43.24,2.65143
1.5,243,17.8226,44.9782,43.24,2.65143
1.5,244,17.8226,45.0112,43.24,2.65143
1.5,245,17.8128,45.0112,43.24,2.65143
1.5,246,17.8128,44.9782,43.24,2.65143
1.5,247,17.8128,44.9451,43.24,2.65143
1.5,248,17.8128,44.9451,43.24,2.65143
1.5,249,17.8128,44.9121,43.24,2.65143
1.5,250,17.803,44.9121,43.24,2.65143
1.5,251,17.8128,44.9121,43.24,2.65143
1.5,252,17.8128,44.9451,43.24,2.65143
1.5,253,17.7932,44.9782,43.24,2.65143
1.5,254,17.8128,44.9121,43.24,2.65143
1.5,255,17.803,44.846,43.24,2.65143
1.5,256,17.803,44.9121,43.24,2.65143
1.5,257,17.7834,44.9121,43.24,2.65143
1.5,258,17.7932,44.9121,43.24,2.65143
1.5,259,17.7736,44.9121,43.24,2.65143
1.5,260,17.7736,44.879,43.24,2.65143
1.5,261,17.7932,44.846,43.24,2.65143
1.5,262,17.7736,44.9782,43.24,2.65143
1.5,263,17.7834,45.0112,43.24,2.65143
1.5,264,17.7736,44.9782,43.24,2.65143
1.5,265,17.7736,45.0442,43.24,2.65143
1.5,266,17.754,45.1103,43.24,2.65143
1.5,267,17.754,45.1103,43.24,2.65143
1.5,268,17.7736,45.1103,43.24,2.65143
1.5,269,17.7736,45.0773,43.24,2.65143
1.5,270,17.7736,45.0773,43.24,2.65143
1.5,271,17.7736,45.0773,43.24,2.65143
1.5,272,17.7736,45.0442,43.24,2.65143
1.5,273,17.7638,45.0442,43.24,2.65143
1.5,274,17.7736,44.9782,43.24,2.65143
1.5,275,17.7442,44.9782,43.24,2.65143
1.5,276,17.7344,44.9782,43.24,2.65143
1.5,277,17.7344,44.879,43.24,2.65143
1.5,278,17.7344,44.9121,43.24,2.65143
1.5,279,17.7148,44.9121,43.24,2.65143
1.5,280,17.7148,44.9782,43.24,2.65143
1.5,281,17.7344,44.846,43.24,2.65143
1.5,282,17.7148,45.0112,43.24,2.65143
1.5,283,17.7344,44.9782,43.24,2.65143
1.5,284,17.7148,45.0773,43.24,2.65143
1.5,285,17.705,45.0442,43.24,2.65143
1.5,286,17.6952,45.0442,43.24,2.65143
1.5,287,17.6952,45.1433,43.24,2.65143
1.5,288,17.6756,45.1103,43.24,2.65143
1.5,289,17.6952,45.1103,43.24,2.65143
1.5,290,17.6952,45.1103,43.24,2.65143
1.5,291,17.6952,45.1763,43.24,2.65143
1.5,292,17.6854,45.2093,43.24,2.65143
1.5,293,17.6952,45.1763,43.24,2.65143
1.5,294,17.7148,45.0442,43.24,2.65143
1.5,295,17.7148,45.0442,43.24,2.65143
1.5,296,17.7344,44.9121,43.24,2.65143
1.5,297,17.7442,44.846,43.24,2.65143
1.5,298,17.7344,44.846,43.24,2.65143
1.5,299,17.7148,44.9121,43.24,2.65143
1.5,300,17.6854,45.1103,43.24,2.65143
1.5,301,17.6854,45.2423,43.24,2.65143
1.5,302,17.6952,45.1763,43.24,2.65143
1.5,303,17.6952,45.1433,43.24,2.65143
1.5,304,17.6756,45.2423,43.24,2.65143
1.5,305,17.6854,45.1763,43.24,2.65143
1.5,306,17.6854,45.1103,43.24,2.65143
1.5,307,17.6756,45.0773,43.24,2.65143
1.5,308,17.6756,45.0773,43.24,2.65143
1.5,309,17.656,45.0442,43.24,2.65143
1.5,310,17.6364,45.0773,43.24,2.65143
1.5,311,17.6168,45.1103,41.4,2.65143
1.5,312,17.607,45.1433,43.24,2.65143
1.5,313,17.5972,45.1103,43.24,2.65143
1.5,314,17.5972,45.1763,43.24,2.65143
1.5,315,17.6168,45.0112,43.24,2.65143
1.5,316,17.6168,45.2423,43.24,2.65143
1.5,317,17.5776,45.4402,43.24,2.65143
1.5,318,17.5678,45.4402,43.24,2.65143
1.5,319,17.558,45.5061,43.24,2.65143
1.5,320,17.5482,45.5061,43.24,2.63964
1.5,321,17.558,45.4732,41.4,2.65143
1.5,322,17.5384,45.5391,43.24,2.65143
1.5,323,17.5286,45.5061,43.24,2.65143
1.5,324,17.5188,45.572,41.4,2.65143
1.5,325,17.509,45.5391,43.24,2.65143
1.5,326,17.5188,45.5391,43.24,2.65143
1.5,327,17.4992,45.5391,41.4,2.65143
1.5,328,17.4992,45.5391,41.4,2.65143
1.5,329,17.4796,45.5061,41.4,2.65143
1.5,330,17.4992,45.5061,41.4,2.65143
1.5,331,17.46,45.5391,41.4,2.65143
1.5,332,17.4698,45.6049,41.4,2.65143
1.5,333,17.46,45.6708,41.4,2.65143
1.5,334,17.4502,45.7037,41.4,2.65143
1.5,335,17.46,45.7037,41.4,2.65143
1.5,336,17.46,45.7366,43.24,2.65143
1.5,337,17.4894,45.7695,43.24,2.65143
1.5,338,17.4698,45.8353,43.24,2.65143
1.5,339,17.4894,45.8353,43.24,2.65143
1.5,340,17.4796,45.8353,43.24,2.65143
1.5,341,17.4796,45.8353,43.24,2.65143
1.5,342,17.4796,45.8353,43.24,2.65143
1.5,343,17.4698,45.8682,43.24,2.65143
1.5,344,17.4796,45.8024,43.24,2.65143
1.5,345,17.4796,45.7695,43.24,2.65143
1.5,346,17.4502,45.8024,43.24,2.65143
1.5,347,17.46,45.8353,43.24,2.65143
1.5,348,17.4502,45.8353,43.24,2.65143
1.5,349,17.4404,45.7695,43.24,2.65143
1.5,350,17.4404,45.7695,43.24,2.65143
1.5,351,17.4404,45.7695,43.24,2.65143
1.5,352,17.4208,45.7695,43.24,2.65143
1.5,353,17.4404,45.7695,43.24,2.65143
1.5,354,17.4208,45.9011,43.24,2.65143
1.5,355,17.4208,45.9011,43.24,2.65143
1.5,356,17.4208,46.0326,43.24,2.65143
1.5,357,17.4306,46.0326,43.24,2.65143
1.5,358,17.4208,46.0655,43.24,2.63964
1.5,359,17.4208,46.0655,43.24,2.65143
1.5,360,17.4306,46.0655,43.24,2.65143
1.5,361,17.4502,46.0655,43.24,2.65143
1.5,362,17.4404,46.0655,41.4,2.63964
1.5,363,17.4208,46.0983,41.4,2.65143
1.5,364,17.411,46.0655,43.24,2.65143
1.5,365,17.411,46.0655,41.4,2.65143
1.5,366,17.4012,46.0655,43.24,2.63964
1.5,367,17.4012,46.0655,41.4,2.63964
1.5,368,17.411,46.0655,41.4,2.65143
1.5,369,17.4012,46.0655,41.4,2.63964
1.5,370,17.4012,46.0655,41.4,2.65143
1.5,371,17.4012,46.0655,41.4,2.65143
1.5,372,17.3914,46.0655,41.4,2.65143
1.5,373,17.3816,46.0655,41.4,2.65143
1.5,374,17.3914,46.0655,41.4,2.63964
1.5,375,17.3914,46.0655,43.24,2.65143
1.5,376,17.4012,46.0655,43.24,2.65143
1.5,377,17.4012,46.0655,43.24,2.65143
1.5,378,17.4012,46.0655,43.24,2.65143
1.5,379,17.411,46.0655,43.24,2.63964
1.5,380,17.4012,46.0983,41.4,2.65143
1.5,381,17.4012,46.164,41.4,2.65143
1.5,382,17.411,46.2297,41.4,2.65143
1.5,383,17.4012,46.2953,41.4,2.65143
1.5,384,17.4012,46.2625,41.4,2.65143
1.5,385,17.4012,46.2953,43.24,2.65143
1.5,386,17.411,46.2953,41.4,2.65143
1.5,387,17.4208,46.3281,41.4,2.65143
1.5,388,17.4208,46.3281,41.4,2.65143
1.5,389,17.4208,46.2953,41.4,2.65143
1.5,390,17.411,46.2625,41.4,2.65143
1.5,391,17.4012,46.2297,41.4,2.65143
1.5,392,17.3914,46.2953,41.4,2.65143
1.5,393,17.3816,46.2953,41.4,2.65143
1.5,394,17.3522,46.3609,41.4,2.65143
1.5,395,17.362,46.3609,41.4,2.65143
1.5,396,17.362,46.3281,41.4,2.65143
1.5,397,17.3424,46.3609,41.4,2.63964
1.5,398,17.362,46.2625,41.4,2.63964
1.5,399,17.3424,46.2953,41.4,2.63964
1.5,400,17.3228,46.2953,41.4,2.63964
1.5,401,17.3228,46.3609,41.4,2.65143
1.5,402,17.3228,46.3281,41.4,2.65143
1.5,403,17.3032,46.3937,41.4,2.65143
1.5,404,17.3228,46.4265,43.24,2.65143
1.5,405,17.3228,46.3937,41.4,2.65143
1.5,406,17.3032,46.4265,41.4,2.65143
1.5,407,17.3228,46.4921,41.4,2.63964
1.5,408,17.3228,46.5249,41.4,2.65143
1.5,409,17.3228,46.4593,43.24,2.65143
1.5,410,17.2934,46.5905,43.24,2.63964
1.5,411,17.2836,46.5577,43.24,2.65143
1.5,412,17.2738,46.5249,43.24,2.65143
1.5,413,17.2836,46.4921,43.24,2.65143
1.5,414,17.2738,46.4921,43.24,2.63964
1.5,415,17.2836,46.4921,43.24,2.63964
1.5,416,17.2836,46.4593,43.24,2.65143
1.5,417,17.2934,46.4265,43.24,2.65143
1.5,418,17.2934,46.3609,43.24,2.65143
1.5,419,17.2934,46.3281,43.24,2.65143
1.5,420,17.313,46.2625,45.08,2.65143
1.5,421,17.313,46.2625,45.08,2.65143
1.5,422,17.2934,46.2953,45.08,2.63964
1.5,423,17.2934,46.2953,45.08,2.65143
1.5,424,17.2738,46.3281,45.08,2.65143
1.5,425,17.264,46.3609,45.08,2.65143
1.5,426,17.2542,46.4921,45.08,2.65143
1.5,427,17.2444,46.4921,45.08,2.63964
1.5,428,17.2444,46.5577,45.08,2.65143
1.5,429,17.2444,46.6232,45.08,2.65143
1.5,430,17.2444,46.656,45.08,2.65143
1.5,431,17.2248,46.656,45.08,2.65143
1.5,432,17.2444,46.5905,45.08,2.63964
1.5,433,17.2542,46.5577,45.08,2.65143
1.5,434,17.2444,46.5905,45.08,2.65143
1.5,435,17.2738,46.5577,45.08,2.65143
1.5,436,17.264,46.5577,45.08,2.63964
1.5,437,17.2542,46.5905,45.08,2.63964
1.5,438,17.2248,46.6232,46.92,2.65143
1.5,439,17.215,46.6232,46.92,2.63964
1.5,440,17.2052,46.5577,46.92,2.63964
1.5,441,17.2052,46.5577,46.92,2.65143
1.5,442,17.2052,46.5577,46.92,2.65143
1.5,443,17.2052,46.5577,46.92,2.63964
1.5,444,17.1954,46.5577,48.76,2.65143
1.5,445,17.1954,46.5577,48.76,2.63964
1.5,446,17.2052,46.4921,48.76,2.63964
1.5,447,17.1954,46.5249,48.76,2.63964
1.5,448,17.6364,45.6379,50.6,2.65143
1.5,449,18.3028,43.918,53.36,2.65143
1.5,450,19.1064,42.4174,53.36,2.66332
1.5,451,19.2436,42.116,53.36,2.67532
1.5,452,19.4984,41.5453,53.36,2.66332
1.5,453,19.6748,41.1414,57.04,2.66332
1.5,454,19.7826,40.9392,57.04,2.66332
1.5,455,19.8512,40.7031,57.04,2.67532
1.5,456,19.9786,40.5004,57.04,2.67532
1.5,457,20.155,40.0268,57.04,2.67532
1.5,458,20.351,39.6539,57.04,2.68742
1.5,459,20.4392,39.5181,57.04,2.67532
1.5,460,20.4686,39.4502,57.04,2.68742
1.5,461,20.4882,39.4162,57.04,2.67532
1.5,462,20.4784,39.4502,57.04,2.67532
1.5,463,20.498,39.3483,57.04,2.68742
1.5,464,20.4882,39.5521,60.72,2.67532
1.5,465,20.596,39.4842,60.72,2.67532
1.5,466,20.6548,39.4162,60.72,2.67532
1.5,467,20.6744,39.3483,64.4,2.68742
1.5,468,20.694,39.3483,68.08,2.68742
1.5,469,20.7136,39.3483,71.76,2.67532
1.5,470,20.792,39.0763,75.44,2.67532
1.5,471,20.8214,39.0082,79.12,2.67532
1.5,472,20.7724,39.1783,79.12,2.67532
1.5,473,20.792,39.0763,79.12,2.68742
1.5,474,20.8312,39.0082,79.12,2.67532
1.5,475,20.841,39.0422,79.12,2.68742
1.5,476,20.841,38.9401,79.12,2.68742
1.5,477,20.8704,39.0082,79.12,2.68742
1.5,478,20.89,38.9401,75.44,2.67532
1.5,479,20.9292,38.9401,75.44,2.68742
1.5,480,20.9684,38.9061,71.76,2.68742
1.5,481,20.9684,38.9061,71.76,2.67532
1.5,482,20.9292,39.0082,71.76,2.68742
1.5,483,20.9292,39.0763,71.76,2.68742
1.5,484,20.9096,39.0763,68.08,2.67532
1.5,485,20.89,39.1443,68.08,2.68742
1.5,486,20.9096,39.0763,68.08,2.67532
1.5,487,20.9292,39.0763,68.08,2.68742
1.5,488,20.9488,39.0763,68.08,2.67532
1.5,489,20.939,39.0082,71.76,2.67532
1.5,490,20.9782,38.9401,71.76,2.68742
1.5,491,21.0174,38.8039,71.76,2.68742
1.5,492,21.0076,38.8039,71.76,2.68742
1.5,493,20.9684,38.9061,75.44,2.68742
1.5,494,20.8802,39.1103,79.12,2.68742
1.5,495,20.89,39.1783,79.12,2.68742
1.5,496,20.9292,39.0763,79.12,2.68742
1.5,497,21.0076,38.9742,79.12,2.68742
1.5,498,21.0174,38.9401,79.12,2.67532
1.5,499,21.0076,38.9401,79.12,2.67532
1.5,500,21.0566,38.8039,79.12,2.68742
1.5,501,21.0664,38.7357,75.44,2.67532
1.5,502,21.0958,38.7357,71.76,2.68742
1.5,503,21.1056,38.7357,71.76,2.68742
1.5,504,21.1252,38.7357,68.08,2.67532
1.5,505,20.9978,38.872,64.4,2.68742
1.5,506,20.9782,38.9401,60.72,2.67532
1.5,507,20.9488,39.0763,60.72,2.67532
1.5,508,20.988,38.9401,60.72,2.67532
1.5,509,20.9782,38.9401,60.72,2.68742
1.5,510,20.9978,38.9061,57.04,2.68742
1.5,511,21.0272,38.8379,57.04,2.68742
1.5,512,21.0468,38.8379,57.04,2.67532
1.5,513,21.0664,38.7698,57.04,2.68742
1.5,514,21.086,38.7698,57.04,2.68742
1.5,515,21.0566,38.9061,57.04,2.68742
1.5,516,21.0566,38.9401,57.04,2.68742
1.5,517,21.0468,38.9401,57.04,2.67532
1.5,518,20.939,39.2123,57.04,2.68742
1.5,519,20.89,39.3483,60.72,2.68742
1.5,520,20.8116,39.5521,60.72,2.67532
1.5,521,20.8312,39.5521,60.72,2.68742
1.5,522,20.8998,39.3483,60.72,2.68742
1.5,523,20.89,39.3143,60.72,2.67532
1.5,524,21.0468,38.9401,64.4,2.68742
1.5,525,21.0468,38.9401,68.08,2.68742
1.5,526,20.9488,39.1783,71.76,2.68742
1.5,527,21.0566,38.9401,71.76,2.67532
1.5,528,21.0664,38.9061,71.76,2.67532
1.5,529,21.0272,39.0082,68.08,2.68742
1.5,530,20.9782,39.0763,68.08,2.68742
1.5,531,21.0468,38.9401,68.08,2.68742
1.5,532,21.0566,38.9061,68.08,2.68742
1.5,533,21.037,38.9742,68.08,2.67532
1.5,534,21.0664,38.9401,71.76,2.67532
1.5,535,21.086,39.0082,75.44,2.67532
1.5,536,21.0566,39.0763,75.44,2.68742
1.5,537,20.9782,39.2803,82.8,2.68742
1.5,538,21.0468,39.2123,82.8,2.68742
1.5,539,21.0272,39.2123,82.8,2.67532
1.5,540,21.086,39.0763,82.8,2.67532
1.5,541,21.1056,38.9742,82.8,2.68742
1.5,542,21.1252,39.0082,86.48,2.67532
1.5,543,21.086,39.0422,90.16,2.68742
1.5,544,21.1056,39.0082,93.84,2.68742
1.5,545,21.1154,38.9742,101.2,2.68742
1.5,546,21.1056,38.9742,108.56,2.68742
1.5,547,21.1252,38.9742,114.08,2.68742
1.5,548,21.1742,38.872,128.8,2.67532
1.5,549,21.184,38.872,136.16,2.68742
1.5,550,21.233,38.7357,136.16,2.68742
1.5,551,21.2428,38.7698,143.52,2.68742
1.5,552,21.1448,38.9401,150.88,2.68742
1.5,553,21.184,38.872,165.6,2.68742
1.5,554,21.184,38.9742,202.4,2.67532
1.5,555,21.1056,39.2123,187.68,2.68742
1.5,556,21.0566,39.3143,217.12,2.67532
1.5,557,21.0664,39.4162,165.6,2.67532
1.5,558,21.0958,39.4162,143.52,2.68742
1.5,559,21.1448,39.3483,121.44,2.68742
1.5,560,21.1644,39.3143,121.44,2.68742
1.5,561,21.1644,39.3143,114.08,2.68742
1.5,562,21.1644,39.3483,108.56,2.68742
1.5,563,21.2036,39.2803,104.88,2.68742
1.5,564,21.1938,39.2803,101.2,2.68742
1.5,565,21.2134,39.2123,97.52,2.68742
1.5,566,21.2036,39.2463,93.84,2.68742
1.5,567,21.2722,39.0082,90.16,2.68742
1.5,568,21.2624,39.0763,90.16,2.68742
1.5,569,21.2722,39.0422,86.48,2.68742
1.5,570,21.2232,39.1443,86.48,2.68742
1.5,571,21.1938,39.2123,82.8,2.68742
1.5,572,21.1938,39.1783,79.12,2.68742
1.5,573,21.1546,39.3143,75.44,2.68742
1.5,574,21.1448,39.3483,75.44,2.68742
1.5,575,21.1644,39.3143,71.76,2.68742
1.5,576,21.2036,39.2123,71.76,2.67532
1.5,577,21.233,39.2463,68.08,2.68742
1.5,578,21.233,39.2123,64.4,2.67532
1.5,579,21.2428,39.2803,64.4,2.68742
1.5,580,21.1938,39.4842,60.72,2.68742
1.5,581,21.184,39.5181,60.72,2.68742
1.5,582,21.2232,39.4502,57.04,2.68742
1.5,583,21.233,39.3823,57.04,2.68742
1.5,584,21.184,39.4502,57.04,2.68742
1.5,585,21.2232,39.3483,57.04,2.68742
1.5,586,21.2722,39.2123,57.04,2.68742
1.5,587,21.2428,39.2803,53.36,2.68742
1.5,588,21.2624,39.2123,53.36,2.68742
1.5,589,21.2624,39.2123,53.36,2.68742
1.5,590,21.2624,39.1443,53.36,2.67532
1.5,591,21.3114,39.0763,53.36,2.67532
1.5,592,21.38,38.9401,53.36,2.68742
1.5,593,21.3506,38.9401,53.36,2.68742
1.5,594,21.3408,39.0082,53.36,2.68742
1.5,595,21.3702,38.9401,53.36,2.68742
1.5,596,21.38,38.9061,53.36,2.68742
1.5,597,21.3604,38.9742,53.36,2.68742
1.5,598,21.282,39.1443,53.36,2.68742
1.5,599,21.2722,39.2803,53.36,2.67532
1.5,600,21.2428,39.4162,53.36,2.68742
1.5,601,21.2624,39.4162,57.04,2.68742
1.5,602,21.2918,39.4162,57.04,2.68742
1.5,603,21.3114,39.3823,57.04,2.68742
1.5,604,21.2918,39.3823,60.72,2.68742
1.5,605,21.282,39.3823,60.72,2.68742
1.5,606,21.2918,39.3823,60.72,2.68742
1.5,607,21.2722,39.3823,64.4,2.68742
1.5,608,21.3016,39.2803,64.4,2.68742
1.5,609,21.3016,39.2803,64.4,2.68742
1.5,610,21.38,39.0763,64.4,2.68742
1.5,611,21.3506,39.1443,64.4,2.68742
1.5,612,21.3506,39.0082,64.4,2.68742
1.5,613,21.3898,38.9401,64.4,2.68742
1.5,614,21.3898,38.9401,64.4,2.68742
1.5,615,21.3016,39.1443,68.08,2.68742
1.5,616,21.38,39.1443,71.76,2.68742
1.5,617,21.4388,39.0763,71.76,2.68742
1.5,618,21.4388,39.1103,71.76,2.68742
1.5,619,21.4584,39.1103,71.76,2.68742
1.5,620,21.429,39.1443,75.44,2.68742
1.5,621,21.429,39.1783,79.12,2.68742
1.5,622,21.4682,39.0763,79.12,2.68742
1.5,623,21.4388,38.9401,93.84,2.68742
1.5,624,21.3996,39.0763,97.52,2.67532
1.5,625,21.3898,39.0763,97.52,2.68742
1.5,626,21.4192,39.0082,101.2,2.68742
1.5,627,21.4388,38.9742,101.2,2.68742
1.5,628,21.4388,38.9742,104.88,2.68742
1.5,629,21.4094,39.1443,108.56,2.68742
1.5,630,21.3604,39.2123,108.56,2.68742
1.5,631,21.4094,39.1443,104.88,2.68742
1.5,632,21.4094,39.2123,101.2,2.67532
1.5,633,21.3996,39.2803,101.2,2.68742
1.5,634,21.429,39.2803,101.2,2.68742
1.5,635,21.4584,39.3143,101.2,2.68742
1.5,636,21.4878,39.2803,97.52,2.68742
1.5,637,21.5172,39.3823,97.52,2.68742
1.5,638,21.5368,39.3823,97.52,2.68742
1.5,639,21.5564,39.3483,93.84,2.68742
1.5,640,21.5858,39.2463,93.84,2.69964
1.5,641,21.5956,39.2463,93.84,2.68742
1.5,642,21.674,38.9742,90.16,2.69964
1.5,643,21.6936,38.9401,90.16,2.68742
1.5,644,21.7426,38.8039,90.16,2.69964
1.5,645,21.7818,38.6675,86.48,2.69964
1.5,646,21.7916,38.7016,86.48,2.69964
1.5,647,21.772,38.7357,86.48,2.68742
1.5,648,21.8112,38.5652,82.8,2.69964
1.5,649,21.8112,38.5311,82.8,2.69964
1.5,650,21.8112,38.497,82.8,2.68742
1.5,651,21.8112,38.4629,79.12,2.69964
1.5,652,21.821,38.497,82.8,2.68742
1.5,653,21.8308,38.6675,82.8,2.68742
1.5,654,21.8308,38.8039,82.8,2.69964
1.5,655,21.8602,38.9401,79.12,2.68742
1.5,656,21.8602,38.9401,79.12,2.69964
1.5,657,21.8798,38.9061,79.12,2.68742
1.5,658,21.9092,38.8379,79.12,2.68742
1.5,659,21.8994,38.8379,79.12,2.68742
1.5,660,21.9092,38.7357,79.12,2.69964
1.5,661,21.919,38.7016,82.8,2.68742
1.5,662,21.8896,38.7357,82.8,2.69964
1.5,663,21.9386,38.6675,82.8,2.68742
1.5,664,21.968,38.5993,82.8,2.68742
1.5,665,21.9582,38.5311,86.48,2.69964
1.5,666,21.9778,38.497,86.48,2.68742
1.5,667,21.9778,38.5311,86.48,2.68742
1.5,668,21.968,38.5311,86.48,2.69964
1.5,669,21.9582,38.5311,86.48,2.69964
1.5,670,21.9876,38.4629,86.48,2.69964
1.5,671,21.9974,38.4287,86.48,2.68742
1.5,672,21.9876,38.3946,86.48,2.68742
1.5,673,22.0268,38.3946,86.48,2.68742
1.5,674,22.017,38.5311,90.16,2.69964
1.5,675,22.0562,38.7357,90.16,2.69964
1.5,676,22.0856,38.7357,90.16,2.69964
1.5,677,22.1248,38.7016,90.16,2.68742
1.5,678,22.1542,38.5993,93.84,2.68742
1.5,679,22.1444,38.6334,97.52,2.68742
1.5,680,22.1248,38.5993,104.88,2.68742
1.5,681,22.1346,38.5652,104.88,2.68742
1.5,682,22.115,38.5311,104.88,2.69964
1.5,683,22.0954,38.5311,104.88,2.69964
1.5,684,22.1052,38.4629,104.88,2.69964
1.5,685,22.1346,38.3946,104.88,2.68742
1.5,686,22.1248,38.3263,104.88,2.69964
1.5,687,22.164,38.258,104.88,2.69964
1.5,688,22.1738,38.2239,104.88,2.68742
1.5,689,22.2032,38.1897,104.88,2.69964
1.5,690,22.2424,38.0529,101.2,2.69964
1.5,691,22.262,38.0187,101.2,2.69964
1.5,692,22.2522,38.0529,101.2,2.69964
1.5,693,22.2522,38.0529,101.2,2.69964
1.5,694,22.2718,38.1897,97.52,2.69964
1.5,695,22.2914,38.1897,101.2,2.68742
1.5,696,22.311,38.2922,101.2,2.68742
1.5,697,22.3404,38.258,101.2,2.69964
1.5,698,22.3404,38.3946,104.88,2.69964
1.5,699,22.3404,38.4287,104.88,2.68742
1.5,700,22.3894,38.3263,104.88,2.69964
1.5,701,22.3894,38.3263,108.56,2.69964
1.5,702,22.3796,38.2922,114.08,2.69964
1.5,703,22.4188,38.1897,121.44,2.69964
1.5,704,22.4188,38.1213,128.8,2.68742
1.5,705,22.3992,38.1213,128.8,2.69964
1.5,706,22.4286,38.0871,128.8,2.69964
1.5,707,22.4384,38.0871,121.44,2.69964
1.5,708,22.4384,38.0529,121.44,2.69964
1.5,709,22.4482,38.0529,114.08,2.69964
1.5,710,22.4384,37.9845,108.56,2.69964
1.5,711,22.458,37.9845,108.56,2.69964
1.5,712,22.458,37.9503,108.56,2.69964
1.5,713,22.4482,37.9845,108.56,2.68742
1.5,714,22.458,37.9845,104.88,2.69964
1.5,715,22.4384,37.9503,104.88,2.69964
1.5,716,22.4482,37.9161,104.88,2.69964
1.5,717,22.4384,37.9503,104.88,2.69964
1.5,718,22.4384,37.9845,104.88,2.69964
1.5,719,22.4874,37.9503,104.88,2.69964
1.5,720,22.5168,37.9845,104.88,2.69964
1.5,721,22.5364,38.0187,104.88,2.69964
1.5,722,22.3992,38.5311,108.56,2.69964
1.5,723,22.3796,38.5993,108.56,2.69964
1.5,724,22.3502,38.6675,108.56,2.69964
1.5,725,22.3208,38.7357,108.56,2.69964
1.5,726,22.2816,38.7357,108.56,2.69964
1.5,727,22.2228,38.8039,104.88,2.69964
1.5,728,22.1738,38.8379,104.88,2.69964
1.5,729,22.164,38.8379,104.88,2.69964
1.5,730,22.1836,38.872,104.88,2.69964
1.5,731,22.1444,38.872,104.88,2.69964
1.5,732,22.1444,38.872,104.88,2.69964
1.5,733,22.164,38.9061,104.88,2.69964
1.5,734,22.1934,38.872,104.88,2.69964
1.5,735,22.1346,38.8039,101.2,2.69964
1.5,736,22.1738,38.7357,101.2,2.69964
1.5,737,22.164,38.8039,101.2,2.69964
1.5,738,22.1934,38.8039,97.52,2.69964
1.5,739,22.1934,38.8039,97.52,2.69964
1.5,740,22.1934,38.9061,97.52,2.69964
1.5,741,22.1542,39.0082,97.52,2.69964
1.5,742,22.3306,38.6334,97.52,2.69964
1.5,743,22.262,38.872,97.52,2.69964
1.5,744,22.2228,38.9742,97.52,2.68742
1.5,745,22.2522,38.9061,97.52,2.69964
1.5,746,22.3502,38.5993,93.84,2.69964
1.5,747,22.311,38.7357,93.84,2.69964
1.5,748,22.3306,38.7357,93.84,2.69964
1.5,749,22.36,38.6675,93.84,2.69964
1.5,750,22.3698,38.7357,93.84,2.69964
1.5,751,22.3796,38.6675,93.84,2.68742
1.5,752,22.3796,38.6675,93.84,2.69964
1.5,753,22.3992,38.7357,97.52,2.69964
1.5,754,22.3992,38.5993,97.52,2.69964
1.5,755,22.3992,38.7357,101.2,2.69964
1.5,756,22.3698,38.7357,104.88,2.69964
1.5,757,22.3502,38.6675,104.88,2.68742
1.5,758,22.2914,38.8039,104.88,2.69964
1.5,759,22.3992,38.4629,104.88,2.69964
1.5,760,22.3796,38.5311,101.2,2.69964
1.5,761,22.4188,38.4629,101.2,2.69964
1.5,762,22.3894,38.5311,101.2,2.69964
1.5,763,22.36,38.5993,101.2,2.69964
1.5,764,22.3208,38.7357,101.2,2.68742
1.5,765,22.2718,38.7357,101.2,2.69964
1.5,766,22.262,38.9401,101.2,2.69964
1.5,767,22.262,38.7698,101.2,2.69964
1.5,768,22.3012,38.7357,101.2,2.69964
1.5,769,22.3208,38.7016,97.52,2.69964
1.5,770,22.3404,38.6675,97.52,2.69964
1.5,771,22.3698,38.5652,97.52,2.69964
1.5,772,22.3894,38.5993,93.84,2.69964
1.5,773,22.3992,38.4629,93.84,2.69964
1.5,774,22.3992,38.7016,93.84,2.69964
1.5,775,22.311,38.872,93.84,2.69964
1.5,776,22.3404,38.7357,93.84,2.69964
1.5,777,22.3208,38.8379,93.84,2.69964
1.5,778,22.2914,38.9061,90.16,2.69964
1.5,779,22.311,38.9401,90.16,2.69964
1.5,780,22.2424,39.0763,82.8,2.69964
1.5,781,22.3306,38.9401,86.48,2.69964
1.5,782,22.3306,38.9742,86.48,2.69964
1.5,783,22.3404,38.8039,86.48,2.69964
1.5,784,22.36,38.8039,86.48,2.68742
1.5,785,22.4286,38.7016,86.48,2.69964
1.5,786,22.4776,38.5993,82.8,2.69964
1.5,787,22.4384,38.7698,79.12,2.69964
1.5,788,22.3796,38.872,79.12,2.69964
1.5,789,22.3208,39.0082,79.12,2.69964
1.5,790,22.4188,38.8379,75.44,2.69964
1.5,791,22.5266,38.5652,75.44,2.69964
1.5,792,22.556,38.3946,75.44,2.69964
1.5,793,22.4972,38.7357,75.44,2.69964
1.5,794,22.5168,38.5311,75.44,2.69964
1.5,795,22.5854,38.3946,75.44,2.69964
1.5,796,22.5756,38.4629,79.12,2.69964
1.5,797,22.5462,38.5993,82.8,2.69964
1.5,798,22.507,38.7016,82.8,2.69964
1.5,799,22.5266,38.7698,90.16,2.69964
1.5,800,22.5952,38.5993,101.2,2.69964
1.5,801,22.605,38.5311,114.08,2.69964
1.5,802,22.6344,38.497,121.44,2.69964
1.5,803,22.6148,38.5311,128.8,2.69964
1.5,804,22.5854,38.5993,136.16,2.69964
1.5,805,22.5854,38.6334,165.6,2.69964
1.5,806,22.6736,38.4629,150.88,2.69964
1.5,807,22.752,38.1897,158.24,2.69964
1.5,808,22.7716,38.258,165.6,2.69964
1.5,809,22.8304,38.0187,172.96,2.69964
1.5,810,22.9774,37.8477,158.24,2.69964
1.5,811,22.8892,38.1897,143.52,2.71196
1.5,812,22.8304,38.1897,128.8,2.69964
1.5,813,22.801,38.3263,108.56,2.69964
1.5,814,22.7912,38.6675,101.2,2.69964
1.5,815,22.7422,38.6675,101.2,2.69964
1.5,816,22.6736,38.8039,101.2,2.69964
1.5,817,22.6148,38.9401,108.56,2.69964
1.5,818,22.5854,39.0422,114.08,2.71196
1.5,819,22.605,39.0082,114.08,2.69964
1.5,820,22.6246,39.0082,114.08,2.69964
1.5,821,22.7226,38.7357,121.44,2.69964
1.5,822,22.7226,38.8379,128.8,2.69964
1.5,823,22.7324,38.7357,136.16,2.69964
1.5,824,22.7814,38.7016,150.88,2.69964
1.5,825,22.7716,38.872,158.24,2.69964
1.5,826,22.7912,38.6675,150.88,2.69964
1.5,827,22.8206,38.5993,150.88,2.69964
1.5,828,22.997,38.258,114.08,2.71196
1.5,829,23.0068,38.1897,114.08,2.69964
1.5,830,23.046,38.1897,121.44,2.69964
1.5,831,23.046,38.3946,136.16,2.69964
1.5,832,22.9774,38.3263,143.52,2.69964
1.5,833,23.1048,38.258,165.6,2.69964
1.5,834,23.1244,38.5311,158.24,2.69964
1.5,835,23.144,37.9845,143.52,2.69964
1.5,836,23.3498,37.5051,143.52,2.71196
1.5,837,23.3792,37.4708,143.52,2.71196
1.5,838,23.3008,37.9845,150.88,2.69964
1.5,839,23.2028,37.9161,150.88,2.69964
1.5,840,23.3106,37.745,143.52,2.71196
1.5,841,23.3302,37.745,143.52,2.69964
1.5,842,23.3792,37.6422,158.24,2.69964
1.5,843,23.4184,37.4365,150.88,2.69964
1.5,844,23.5752,37.3336,165.6,2.71196
1.5,845,23.6536,38.1213,158.24,2.71196
1.5,846,23.6928,37.1277,172.96,2.71196
1.5,847,23.7516,36.8871,195.04,2.71196
1.5,848,23.9084,36.6118,150.88,2.71196
1.5,849,23.928,37.3679,143.52,2.71196
1.5,850,23.8888,37.5051,143.52,2.71196
1.5,851,23.9574,36.8871,143.52,2.71196
1.5,852,23.8202,36.9559,143.52,2.69964
1.5,853,23.83,37.2993,150.88,2.71196
1.5,854,23.8692,37.2993,158.24,2.71196
1.5,855,23.879,37.6422,165.6,2.71196
1.5,856,23.9378,36.6118,172.96,2.71196
1.5,857,23.9672,36.6118,172.96,2.71196
1.5,858,23.928,36.6118,172.96,2.7244
1.5,859,23.9476,36.6807,172.96,2.71196
1.5,860,23.8692,36.6807,180.32,2.71196
1.5,861,23.9476,36.7839,187.68,2.71196
1.5,862,24.0064,36.6118,187.68,2.71196
1.5,863,24.1044,36.2328,180.32,2.7244
1.5,864,24.1632,36.4052,172.96,2.71196
1.5,865,24.1044,36.4052,158.24,2.71196
1.5,866,24.1044,36.3362,158.24,2.71196
1.5,867,24.1044,36.4741,172.96,2.71196
1.5,868,24.1632,36.4741,187.68,2.7244
1.5,869,24.2122,36.4052,195.04,2.71196
1.5,870,24.2122,36.3707,187.68,2.7244
1.5,871,24.418,36.4741,202.4,2.7244
1.5,872,24.4474,35.9221,202.4,2.7244
1.5,873,24.5454,35.7148,202.4,2.7244
1.5,874,24.5944,35.6456,195.04,2.7244
1.5,875,24.6532,35.5418,195.04,2.7244
1.5,876,24.7218,35.438,195.04,2.71196
1.5,877,24.516,35.7839,202.4,2.71196
1.5,878,24.467,35.853,202.4,2.7244
1.5,879,24.4572,37.0246,195.04,2.7244
1.5,880,24.516,36.8183,187.68,2.7244
1.5,881,24.4964,36.3707,187.68,2.71196
1.5,882,24.565,36.2328,172.96,2.71196
1.5,883,24.6238,35.7494,172.96,2.7244
1.5,884,24.5062,35.9912,165.6,2.7244
1.5,885,24.5454,35.9567,165.6,2.71196
1.5,886,24.6532,35.7839,165.6,2.7244
1.5,887,24.7708,35.611,180.32,2.7244
1.5,888,24.8688,35.2648,195.04,2.7244
1.5,889,24.8492,35.6456,187.68,2.7244
1.5,890,24.8884,35.5072,165.6,2.7244
1.5,891,24.81,35.5764,165.6,2.7244
1.5,892,24.7512,35.7148,158.24,2.7244
1.5,893,24.8492,35.4726,150.88,2.7244
1.5,894,24.7708,35.7148,143.52,2.7244
1.5,895,24.7316,35.7148,136.16,2.7244
1.5,896,24.8002,35.5764,128.8,2.7244
1.5,897,24.8198,35.7148,121.44,2.7244
1.5,898,24.8492,35.438,114.08,2.7244
1.5,899,24.6336,35.9221,121.44,2.71196
1.5,900,24.7218,35.9221,114.08,2.7244
1.5,901,24.7904,36.5085,121.44,2.7244
1.5,902,24.81,35.6456,121.44,2.7244
1.5,903,24.7904,35.7839,121.44,2.7244
1.5,904,24.7708,35.9221,121.44,2.7244
1.5,905,24.7904,35.7148,121.44,2.71196
1.5,906,24.8492,35.6456,128.8,2.7244
1.5,907,24.859,36.0603,128.8,2.7244
1.5,908,24.81,36.0603,128.8,2.7244
1.5,909,24.8002,35.7839,128.8,2.7244
1.5,910,24.761,35.7148,128.8,2.7244
1.5,911,24.81,35.5764,121.44,2.7244
1.5,912,24.761,36.0603,121.44,2.7244
1.5,913,24.7806,35.8185,121.44,2.7244
1.5,914,24.6042,36.1983,121.44,2.7244
1.5,915,24.4376,36.4396,121.44,2.7244
1.5,916,24.4572,36.6118,128.8,2.7244
1.5,917,24.5356,36.2673,128.8,2.7244
1.5,918,24.5846,36.4741,128.8,2.7244
1.5,919,24.7708,35.7148,136.16,2.7244
1.5,920,24.81,35.853,136.16,2.7244
1.5,921,24.9962,35.3687,143.52,2.7244
1.5,922,25.104,35.1609,143.52,2.7244
1.5,923,25.1236,35.0915,150.88,2.7244
1.5,924,25.0648,35.2302,158.24,2.7244
1.5,925,25.1432,35.0915,165.6,2.7244
1.5,926,25.0256,35.3687,172.96,2.7244
1.5,927,24.761,35.9221,195.04,2.7244
1.5,928,24.8296,35.6456,195.04,2.7244
1.5,929,24.81,35.7148,187.68,2.7244
1.5,930,24.8394,35.7148,195.04,2.7244
1.5,931,24.8296,35.7148,195.04,2.7244
1.5,932,24.9472,35.5764,202.4,2.7244
1.5,933,24.9864,35.4034,209.76,2.7244
1.5,934,24.9374,35.5418,209.76,2.7244
1.5,935,24.8688,35.6802,217.12,2.71196
1.5,936,24.9864,35.5072,224.48,2.7244
1.5,937,25.0158,35.3687,235.52,2.7244
1.5,938,24.8296,35.7148,235.52,2.7244
1.5,939,24.8296,35.7148,250.24,2.7244
1.5,940,24.8394,35.7494,250.24,2.7244
1.5,941,24.8786,35.611,250.24,2.7244
1.5,942,24.7904,35.7494,264.96,2.7244
1.5,943,24.614,36.1983,264.96,2.7244
1.5,944,24.6924,36.0603,279.68,2.7244
1.5,945,24.7316,35.9912,294.4,2.7244
1.5,946,24.7904,35.8876,294.4,2.7244
1.5,947,24.8002,35.853,309.12,2.7244
1.5,948,24.9276,35.6456,309.12,2.7244
1.5,949,25.055,35.438,309.12,2.7244
1.5,950,25.104,35.2302,309.12,2.7244
1.5,951,25.1628,35.2302,323.84,2.73696
1.5,952,25.1726,35.5764,323.84,2.7244
1.5,953,25.2216,35.5764,338.56,2.7244
1.5,954,25.1726,35.8876,323.84,2.7244
1.5,955,25.153,35.9567,309.12,2.7244
1.5,956,24.9276,36.2673,309.12,2.7244
1.5,957,24.5552,37.0933,294.4,2.7244
1.5,958,24.565,37.0933,279.68,2.7244
1.5,959,24.3004,37.3679,279.68,2.7244
1.5,960,24.0848,37.9845,279.68,2.71196
1.5,961,23.8594,38.3946,279.68,2.71196
1.5,962,23.781,38.7698,279.68,2.71196
1.5,963,23.6438,38.8379,279.68,2.71196
1.5,964,23.4968,39.0082,279.68,2.71196
1.5,965,23.7222,38.9742,279.68,2.69964
1.5,966,23.8202,38.7357,279.68,2.71196
1.5,967,23.7516,38.872,264.96,2.71196
1.5,968,23.6634,38.872,264.96,2.7244
1.5,969,23.536,39.0763,264.96,2.7244
1.5,970,23.536,39.3483,264.96,2.71196
1.5,971,23.4968,39.2803,250.24,2.71196
1.5,972,23.3204,39.8574,264.96,2.71196
1.5,973,23.242,39.9591,264.96,2.71196
1.5,974,23.1342,39.7557,250.24,2.71196
1.5,975,23.0852,40.2299,264.96,2.69964
1.5,976,23.1244,40.399,279.68,2.71196
1.5,977,23.144,40.1622,279.68,2.71196
1.5,978,23.2028,40.0945,294.4,2.71196
1.5,979,24.0064,38.8039,294.4,2.71196
1.5,980,24.712,36.8871,264.96,2.7244
1.5,981,24.8884,36.8183,279.68,2.7244
1.5,982,24.9472,36.5085,279.68,2.7244
1.5,983,25.0452,36.4052,279.68,2.7244
1.5,984,25.104,36.2673,294.4,2.7244
1.5,985,25.202,36.1983,279.68,2.73696
1.5,986,25.2216,36.0603,294.4,2.7244
1.5,987,25.3,35.611,294.4,2.7244
1.5,988,25.349,35.7494,294.4,2.7244
1.5,989,25.4176,35.7148,294.4,2.73696
1.5,990,25.4764,35.6802,294.4,2.7244
1.5,991,25.5352,35.5418,294.4,2.73696
1.5,992,25.6136,35.5764,294.4,2.73696
1.5,993,25.692,35.2995,279.68,2.73696
1.5,994,25.7312,35.0915,279.68,2.73696
1.5,995,25.7214,35.1609,279.68,2.73696
1.5,996,25.7312,35.2302,279.68,2.73696
1.5,997,25.7704,35.2995,279.68,2.73696
1.5,998,25.7214,35.3687,279.68,2.73696
1.5,999,25.7116,35.2995,279.68,2.73696
1.5,1000,25.7508,35.2302,279.68,2.73696
1.5,1001,25.6528,35.3341,279.68,2.73696
1.5,1002,25.6724,34.9528,294.4,2.73696
1.5,1003,25.7508,35.0222,294.4,2.7244
1.5,1004,25.7704,35.0568,309.12,2.73696
1.5,1005,25.79,34.9181,323.84,2.7244
1.5,1006,25.8194,34.9875,323.84,2.7244
1.5,1007,25.8194,34.8834,338.56,2.73696
1.5,1008,25.8194,35.0222,338.56,2.73696
1.5,1009,25.7704,35.0915,338.56,2.73696
1.5,1010,25.79,35.0915,309.12,2.7244
1.5,1011,25.8194,34.9528,279.68,2.73696
1.5,1012,25.8978,35.0222,264.96,2.73696
1.5,1013,25.8194,34.8139,250.24,2.73696
1.5,1014,25.8194,34.536,235.52,2.73696
1.5,1015,25.8194,34.7445,235.52,2.73696
1.5,1016,25.8096,34.9528,224.48,2.73696
1.5,1017,25.7508,34.8834,209.76,2.73696
1.5,1018,25.6822,35.2302,202.4,2.73696
1.5,1019,25.692,35.0915,202.4,2.73696
1.5,1020,25.7312,35.2302,209.76,2.7244
1.5,1021,25.7116,35.1955,217.12,2.73696
1.5,1022,25.6822,35.2302,224.48,2.73696
1.5,1023,25.741,35.2648,224.48,2.7244
1.5,1024,25.8194,35.2302,235.52,2.73696

